100
0 3306 8129 545 9001 7285 379 3733 2613 7178 2774 6583 5748 2052 5166 4722 7161 7530 1046 9440 955 9944 9576 5125 8930 8895 7597 3868 7999 4827 763 6214 335 8216 7791 9972 6049 9146 4280 8400 4865 9400 2478 8785 1921 6872 863 5589 566 9782 8963 7761 973 1079 3660 4961 6242 436 7626 342 4715 2789 3644 9026 5881 5257 6014 8624 6060 6147 7061 9882 8099 2090 3025 2821 6266 8 5095 9250 2670 6557 3169 2488 5372 5807 3540 2262 2448 6544 3036 9360 8466 6265 6937 4224 4652 4709 5979 2713 2767 5009 3640 7439 5412 4604 680 1759 3501 9042 5062 8806 5671 2020 5828 4493 
1 2916 1430 6703 9947 7685 6056 4963 3573 7726 8446 5767 3812 1144 5195 4778 8560 3908 545 9131 5690 8103 8078 2962 3763 1653 3391 9049 6101 7302 845 6362 9792 3306 8331 859 2480 5298 3731 403 3160 937 4620 2054 7314 8253 7101 302 2675 8527 136 6464 7521 827 2459 4048 5481 9991 6724 4267 5964 7944 9887 3407 7784 5525 6268 6406 9604 4133 7388 6990 622 3396 5285 1993 9514 8714 4634 7822 6636 294 6229 3294 3743 6441 612 57 769 2779 4455 5117 4274 7005 8250 8947 5891 5185 781 9660 9618 8270 553 6311 4366 
2 6553 869 9630 5210 6852 8004 1626 5692 939 9534 9036 6908 3784 8502 4825 4863 4460 3302 300 3494 9319 8993 7112 6663 1579 3174 8073 8669 9620 1582 8978 2725 4723 6174 8870 6156 9883 8616 1725 986 1204 2849 5445 219 9625 4673 3227 8266 2101 3357 3086 2032 90 7669 1871 6929 8721 3956 59 6329 1640 8368 697 7407 7863 5456 7047 3604 6442 9571 7261 8181 3079 4646 70 6149 8068 2699 666 9662 5066 2916 669 7417 5365 8414 848 4260 1632 3598 7648 5202 6773 3570 
3 3399 5122 1921 2434 4346 1489 9870 4266 4144 4632 4017 709 3729 6144 577 2051 122 8675 2201 289 9079 3107 9239 7938 4202 549 8115 2291 9353 8751 8210 2851 9010 9760 3782 508 1781 9339 8112 6930 2401 9445 4454 5631 6865 1178 5153 3243 5525 4060 2213 9547 7431 1551 6616 4180 7191 7089 5692 6338 3620 584 3425 6200 1584 7184 7447 5298 9158 493 3874 8414 7395 102 8176 4121 1541 7927 8785 559 4919 710 950 6867 8264 7890 6113 4693 248 4186 2969 5048 3223 2841 5770 
4 5145 2565 2995 815 9832 7740 2084 9569 6833 6961 455 3442 4494 3841 8863 3893 4468 539 5981 1343 2786 9964 2019 8021 7093 322 5206 6341 1193 985 2964 7834 3768 3154 50 2320 4197 4973 9402 697 2929 3073 8638 3675 8862 8480 1852 2163 5659 3309 2902 6597 5509 2117 8724 8156 6765 4183 5356 6000 1097 8189 8008 6653 6966 5620 4074 8656 1085 4845 1353 8181 3111 8019 1642 9307 1079 2166 3210 1864 9148 5984 423 4440 7333 2006 374 3530 8499 1897 9679 4534 2875 
5 4371 4052 1115 3378 3442 8227 6378 7910 8024 5527 3415 7199 7952 8710 503 5986 9672 67 1852 2990 7059 3545 7621 9294 8171 7257 2330 3802 5004 9871 5819 3889 4801 2838 1781 3580 4890 9256 7369 5371 5604 9594 7923 3071 1731 3460 3934 8462 9561 2645 1828 9079 8240 3058 8115 4611 3259 336 2524 9475 6919 4093 4211 8090 3068 3244 1316 5057 7471 7771 4294 856 887 3434 4555 9721 2430 4100 1311 1079 6888 5522 7222 5666 6915 1239 345 1332 5878 3175 9236 4204 5153 9765 
6 9344 2857 258 7931 1043 8524 5151 1323 4548 5244 2808 4766 787 588 6768 3222 5158 636 8254 6673 950 1549 4571 5292 6605 1297 6024 16 4310 4338 7293 9454 1021 7152 4166 5194 4633 5101 2047 2258 6094 1602 6366 838 8734 470 2783 2211 2672 5902 8419 2873 9127 9598 6258 5045 1819 9073 5170 3794 7270 4703 9325 4809 2071 3148 1953 7560 4390 6152 2399 9336 4745 5201 4567 5470 5073 9066 3681 973 6356 4461 5606 2762 3009 2513 3590 2220 1532 8611 5753 
7 6898 9289 2227 8099 2857 4581 6255 4286 8609 2422 1859 6631 6215 2475 4720 6112 9323 6683 8986 3738 2800 6510 3840 4882 9686 1410 8386 4867 6149 1389 2345 8312 6018 7792 6230 5304 6772 6260 1816 460 8820 8330 8731 8547 7920 6119 5268 6254 9785 3028 3185 7157 5970 221 908 7541 3771 7646 5153 3302 4137 9514 1774 3166 2720 3661 3298 6737 3432 1527 8850 5016 4476 1658 886 8670 926 8663 9560 6806 9781 692 859 1363 697 4019 3171 8325 4674 9140 2567 1288 7726 5379 3099 1267 887 8659 4480 6064 2087 231 4264 1081 2142 429 7695 2395 9950 8645 
8 1530 9483 7078 2455 8208 753 9613 8667 5121 189 6190 2850 6003 9727 9 9261 7963 1275 1598 6739 3718 5092 5223 3843 3795 5389 7678 419 5038 8558 6154 3798 6092 1383 4640 4010 156 6275 648 9341 1232 3862 4195 5765 4713 207 6743 324 8843 6008 2560 1618 4095 7623 6519 2435 6338 2437 7244 5177 2592 7012 7172 1991 7896 2309 3002 4952 2915 3726 437 657 4184 8838 51 6320 5458 822 7570 3008 7917 6108 4033 9562 4390 1507 5543 2236 9635 3704 1570 7020 3147 2476 3794 307 5860 9877 1095 900 4689 3852 
9 7933 7522 7699 1525 2166 7072 132 4781 8200 7554 8330 3247 3171 7168 410 3467 8031 8744 4581 7955 5009 1537 322 7516 815 9435 1382 1090 7760 2931 2279 5410 8306 5700 8551 514 1305 1172 3274 7550 9720 7225 8729 7849 5491 4039 4751 9097 4802 8206 4664 488 5836 2294 5711 1687 3585 9059 6048 5529 7144 8790 548 8501 4308 8077 2414 9967 7313 5116 1134 7962 308 5317 6697 7531 5209 67 2532 1792 9441 2639 2545 6446 5887 9820 1418 632 1163 3078 5455 857 2100 3310 87 9229 
10 3954 7021 3596 6322 6584 1123 6120 7031 2996 864 4229 9954 3352 1502 1489 8285 7477 1816 4530 3641 6238 7889 5039 1965 2210 4828 5853 1399 4713 4412 2583 2403 4932 7001 6061 8433 7866 8380 5328 2510 444 2864 3478 5537 3569 7507 2936 5639 8823 7877 5745 805 4213 1133 9448 7780 3885 6691 5611 3670 1401 4766 6796 1443 2730 4743 8603 1122 6902 1116 6528 7906 1786 5760 8894 4094 7124 9821 9853 8292 1618 5731 4350 3973 8511 6202 6368 2901 433 5408 5461 5163 3609 6839 6268 3502 
11 5570 8000 3972 5936 2168 2172 6144 5483 9813 1139 2025 8879 1450 7930 7726 321 3325 6404 2724 1938 4631 158 8666 2079 3814 4538 9075 5636 6447 2208 3815 3993 2968 1045 1598 125 8471 432 8057 4560 9731 7944 5005 9710 3757 4172 4982 7550 395 4322 2411 3900 6570 9763 27 7266 3665 5654 8089 6470 7984 2831 2674 1076 8956 9313 535 4348 4034 187 970 4578 2797 9832 280 6673 2920 8711 3542 826 5116 4786 1331 8020 5235 3494 2635 7911 8559 4401 1796 668 9730 2667 1389 7733 1629 7216 1842 1107 2246 286 1717 2299 4672 1334 6896 6616 9766 1211 6612 
12 8915 307 3290 3936 9564 459 115 5970 4524 2814 3150 6250 7567 3119 3812 2119 6166 1795 8651 5631 3648 9810 1679 5483 5373 5147 7738 5351 6891 8540 7257 868 6575 8947 5672 7547 7437 6614 1921 2431 3283 5449 6839 987 4045 4232 2483 3515 9795 3452 5229 6962 6666 3977 1020 9386 856 9062 8512 6882 9670 1297 6676 755 4035 8830 9453 7931 5812 9941 8068 918 7868 982 578 790 9216 7493 2133 8740 1460 6986 5312 9981 8623 4204 1918 558 5898 2630 6197 9807 6368 6592 2143 4119 7628 9273 3773 6945 4297 486 412 
13 5864 719 6762 8964 5101 3999 465 9846 2904 4331 4963 9341 2010 792 9800 4425 2665 9777 7686 6767 1178 9361 9903 25 7209 1114 1366 2259 9971 7773 6097 4483 9505 2082 7503 1311 5654 5914 1260 9822 2543 1167 6996 8643 7254 8677 9064 7031 9845 9576 7495 7849 5297 4009 7749 2434 3858 4256 6024 9026 7021 800 6955 4100 1334 3078 8707 6032 2039 966 809 9452 5507 1566 8915 936 2889 7372 9931 836 5028 1427 710 6409 1518 6519 8241 6913 3238 6260 2176 156 8530 2763 4677 9660 4747 2055 7591 1197 2713 
14 4018 640 151 8123 6638 6970 5045 5702 7872 1088 899 8601 264 4693 78 7285 7305 6938 5538 2757 8594 2554 9180 4143 1738 2260 1222 894 4840 1397 1495 4545 9424 4806 3739 6199 9947 2729 6141 1488 5327 351 5273 408 9530 8372 9714 8122 5319 7071 538 2346 9953 6027 6133 2819 1457 5176 651 5949 4502 6836 2242 9057 2962 3209 2400 5697 66 9477 2334 9738 4051 8462 3255 9914 3550 5735 1134 1816 9304 9365 1241 6635 3440 6663 7515 1018 544 1411 3477 251 6397 7959 
15 3856 8108 393 5227 1692 3802 2640 3732 4362 5568 921 1491 4459 6012 4513 9333 3114 9561 8722 7661 8086 4215 5735 6333 5739 6328 4690 2853 5639 1314 7256 174 7088 6583 4411 6512 2144 9215 2194 9503 9719 9303 4803 131 5679 9086 3093 9686 5802 5384 7768 630 3487 6376 2120 3199 4545 870 5551 4940 322 5304 31 6125 994 1778 5991 8354 7506 5412 6658 8474 9180 2982 2953 2131 1618 5653 1819 4953 1189 1422 513 6932 3952 5027 5436 4271 4374 6438 4733 9616 4542 77 
16 7516 6065 921 7135 239 9069 9914 8192 9816 9848 4143 3924 7993 5867 2639 8345 8885 6550 5391 334 8936 7842 1875 3977 6359 79 5719 9139 338 4931 8017 4131 8696 3155 8607 3290 7423 7087 5118 8721 9120 9240 3548 2702 7519 5375 9815 3640 4958 5161 8895 6389 1878 4836 866 5781 3676 3190 4351 3350 6150 7497 4073 271 720 7524 5581 2861 8326 4384 2704 3983 7866 4107 6408 6766 3692 7415 2125 5017 4188 9259 1365 5735 4952 3279 4874 5506 
17 7468 9610 6210 876 3873 1917 7209 4136 9336 4829 4810 4444 2123 8376 5162 2092 7574 3475 2539 3007 6955 3112 5943 91 435 4399 1461 8399 9182 8887 5323 5449 8051 3353 1996 7112 2936 924 6834 402 7405 8632 1275 4649 2214 2074 8713 2044 513 2912 8353 2119 8985 8835 4820 1795 2165 6655 9487 7679 9330 3189 3258 3777 2671 9572 2648 2125 4894 1984 6771 5741 1082 9879 1433 2140 648 9966 8156 6620 7923 8416 4084 5956 3226 8684 300 8677 3649 9982 7758 5632 6015 8089 9189 1694 2274 
18 6314 933 7324 5874 7269 9636 2894 1603 881 5447 5364 7887 4552 9008 1185 9235 3544 8221 5167 7468 9346 852 2436 7625 2627 1884 2925 612 8301 4334 3073 2597 6198 3766 5518 7453 439 932 8383 5121 2845 3017 9264 3283 5590 2500 5487 5709 6556 480 9670 7508 1551 5295 1638 6831 5125 4911 2763 6107 3150 5379 5559 426 2917 1896 9735 8099 3125 9610 4186 5241 9734 7529 7897 4435 963 1933 5647 5407 9774 4032 6280 2772 2741 9986 9755 6537 6188 7425 2365 6672 2586 921 2351 5872 7812 4893 1892 5883 
19 5799 5389 3435 7302 7716 8979 3673 6467 7325 5100 7119 6721 9293 9126 4411 5197 4688 4642 170 4907 5295 967 9744 316 6105 5637 9534 2528 3705 8098 8912 3786 4279 1341 7130 7699 1861 1691 7630 593 309 9057 988 3133 9436 9449 949 8361 58 4539 1243 3787 294 5546 9839 5170 4256 2819 8438 3812 9572 2661 1671 6690 6600 8508 226 2771 7465 849 7489 2122 7595 834 9596 257 5976 8911 546 8339 5057 5978 6433 1492 2851 7866 4019 6455 3839 3932 7080 8955 4922 6345 9193 188 2511 7317 1717 1630 
20 3739 2091 9211 8321 9994 4862 5600 4579 9817 6104 8485 7370 3850 2861 2740 598 10 7420 8150 4893 7318 8299 7073 6408 9449 9269 4867 245 6763 2268 4709 7973 5860 5255 70 822 3806 5867 9851 3218 2377 3680 9529 6778 6419 3470 80 5996 8086 9595 1247 8703 7972 2373 7144 4818 902 4653 2298 7582 4389 5909 8593 9154 672 2686 9591 8217 4685 5182 2110 2324 9256 8631 3489 1061 7969 4041 5249 5635 7781 9873 63 2734 5222 4338 4382 8336 1550 8024 5888 6126 5583 2153 7631 9428 3709 1131 9485 
21 6433 7360 94 6097 8139 2101 7321 6032 2828 786 240 5548 4335 9602 9634 2480 505 3386 6241 9483 9241 9416 5596 7500 2323 4271 9215 8904 8190 8743 7538 2983 7684 7026 8488 3742 8045 7081 186 4584 5261 3975 6046 4294 6711 8299 727 7070 3603 9773 2989 946 2433 5048 8115 632 4283 7302 3809 6414 2574 834 8766 8703 7238 761 2918 9436 3607 4343 7274 4978 3895 9738 676 1838 297 2136 5827 1191 7890 9062 9251 797 1119 5476 7791 6548 7078 604 985 577 2883 8293 9765 943 1999 
22 9549 2187 680 7206 4721 7897 110 1499 9072 3336 9753 8072 5047 7584 6829 5905 8693 9392 2708 7388 7593 1148 9360 1079 3578 9960 9866 8635 8140 2380 6382 8300 5419 7744 6564 6328 5487 9988 3892 1032 3703 6674 2189 5672 1384 1119 5010 9224 3589 7455 7844 7863 63 3722 283 4360 6909 5094 5648 5187 7615 5540 399 9727 5445 1579 9507 6806 8868 2903 9665 4007 5751 8709 8801 8395 408 2427 9470 4321 8588 2346 1080 702 6117 4408 5720 6980 8955 3748 9274 5805 3538 4515 5000 3207 4702 9716 5412 1670 7811 22 31 9064 
23 9645 2997 5233 9963 6040 3970 3552 8221 7005 4717 6669 7285 6927 9141 7058 6089 2583 2260 1979 4351 1518 7966 8992 4739 9207 2556 6733 9080 8207 9727 4763 5090 7096 6795 9549 3558 1481 9669 6618 5056 5875 6664 927 842 5560 5558 8721 3612 9249 6625 6807 7007 1520 236 8263 4126 2849 9944 5556 5772 2089 3942 8851 8769 73 7831 6520 4289 3706 9840 1672 448 3989 4800 4174 1728 3990 3505 8245 7156 5951 2285 3799 1785 9458 7325 7416 1940 8891 755 4844 5245 266 1673 364 6403 4520 3791 8838 5882 25 9497 6202 
24 4369 6210 6656 4459 4257 7003 4267 7721 765 9645 8947 1398 8061 3243 1509 9579 5368 9777 696 5605 9225 408 6419 9770 6433 7965 4672 3544 1259 8151 382 1881 9866 2997 4898 4436 6949 3739 6593 4107 5276 8379 1709 1468 3017 7584 4658 4080 214 7140 4664 9628 1178 9875 3813 802 2199 2074 6517 6430 8137 5420 9238 374 7430 6208 1951 1748 7507 9133 4407 6818 4907 1481 8784 5399 4093 1102 5610 2161 3028 8711 4333 7273 5952 5597 4370 672 3374 5536 4494 4342 4246 4421 6239 242 8301 4788 922 
25 7265 5546 5342 5393 1459 7653 1769 8690 745 2913 6968 5738 1017 2204 8126 7856 3854 4797 5313 7591 7945 8048 1670 5567 5809 1556 8535 9628 2842 6535 6747 1326 3499 3908 6003 6278 2367 6816 2850 4296 6045 3120 4109 9292 4088 7737 5293 1836 3898 3094 9557 8325 627 2614 119 9735 5906 8050 4374 1119 4756 2012 4371 5295 1476 1053 3683 5820 3827 6763 6822 7401 4657 5278 642 8071 6586 3028 5561 2299 9545 5771 2661 3687 5226 6200 593 5608 3475 2256 4369 6109 4165 5067 1541 2688 5833 6186 9243 6398 3367 2478 1533 
26 4455 3804 2986 5095 4315 7549 830 5864 2315 9010 4967 5322 4856 6355 2607 6958 9796 3045 503 6507 4720 2076 6095 4624 3185 7199 5096 5812 8209 8778 7512 9029 9943 5826 1651 8753 6665 1996 7265 8882 493 105 8006 312 783 1504 2383 5608 11 6890 8755 1936 4994 8322 3631 8021 5733 1063 8596 7773 113 4369 4592 4648 3782 3812 9575 2032 1667 647 436 4396 5708 9226 6184 926 4936 451 102 5345 6521 1378 7057 4532 3228 7048 2832 7499 8770 5150 9820 7301 3587 9166 2606 1280 9335 1790 9921 2685 3710 7205 
27 2825 9205 1825 8015 1924 9216 8511 8054 991 9793 4041 3162 5268 1965 5583 3855 8790 3763 582 9978 6611 6706 4744 7596 8 833 2281 4070 6360 254 4083 5272 9422 3845 8044 6180 4368 6654 2183 3430 4425 6814 8645 2806 5703 3844 6636 7311 8243 3118 8212 1700 5125 3231 2653 5840 5835 8106 4758 4828 8264 4686 1471 4603 8639 4685 2893 4765 1197 2452 8441 4185 2166 3580 6139 6553 1026 9940 5531 5763 7430 7783 
28 6384 2549 4437 4810 2453 3068 8719 3181 1847 2230 5035 9841 3031 5499 9806 5245 8363 7324 7495 6026 7 8582 7531 5804 1500 4863 4105 1598 2029 8834 4029 1735 1616 4828 6855 8135 2681 7953 9195 3770 1326 8375 5481 6010 903 3569 7926 4444 3470 5281 7812 8929 3674 3550 5675 2961 9913 4235 6779 6081 8187 1235 1216 5223 6552 977 974 4191 8294 6517 9481 2837 3382 9140 7997 6302 4039 3281 1476 2739 8222 6851 7885 2369 54 8073 5062 6472 7996 4331 169 968 1384 9650 1084 1175 7702 301 1873 4224 3783 4147 5447 5387 6334 
29 3344 8056 5858 5023 4371 4874 1700 5088 2494 794 7591 4070 7392 9844 9219 7756 7407 9265 3372 8354 5193 4473 9491 5168 8305 2906 3988 2609 7890 8568 6309 4697 8817 1301 2187 6969 359 3442 6249 3281 3661 3481 531 7204 9558 4606 1546 6407 4314 2431 594 7619 4503 4604 5518 1922 330 9702 8672 6016 534 1446 8324 4485 8797 1596 4832 4416 752 7176 6069 1498 6857 7762 7305 179 3081 6330 2411 8440 1894 1428 899 9803 8146 2969 5138 6226 8104 8065 4144 1985 8517 2928 9141 6523 1924 6773 1668 1238 9654 4204 9292 7685 8995 6952 3356 7835 
30 3078 5761 5982 1103 5339 9789 3344 825 7981 6823 5318 5106 8333 1576 1862 5926 8097 5722 2961 3127 8136 1364 6318 4281 5554 496 3429 7876 5890 5624 9305 5623 170 4075 1872 1406 6703 715 4336 9051 2929 8238 9434 7342 3580 4800 141 7361 8859 1413 8292 1752 7147 984 1261 3544 1264 9846 6206 2564 5878 5656 3838 7318 2254 5887 6429 1800 5605 3118 823 5487 5595 2698 7769 591 8868 1636 6328 8937 5773 4938 3685 5474 598 121 4627 4758 2313 9751 4112 
31 5678 1248 7856 8814 3823 5984 2377 7736 7023 4188 297 2479 1454 9876 2068 1695 3997 1946 8134 2160 6319 6355 7373 1004 771 9947 3468 1286 6601 5656 7136 2893 6789 5480 4658 2556 1598 921 8419 1369 1839 5438 9216 4389 4565 1121 8395 1573 9687 9360 6467 2063 3078 6557 5065 7691 5219 6491 8247 9708 5328 7749 3605 8732 794 7767 3380 7204 9018 9341 3003 4936 7635 9482 5598 8632 8124 5281 672 4949 9252 7807 7122 5063 9157 6039 4483 9428 2015 8853 2725 4914 4774 5006 
32 7334 9936 3141 1495 6937 2327 9187 979 762 3932 2678 1669 215 5139 2682 2523 6428 7338 7769 5646 7833 9064 4739 3358 2914 4911 5133 8474 4572 2176 9458 2720 6551 1054 1949 8852 3483 5447 4785 8525 9498 4050 4817 2937 6639 8036 4546 5828 2175 9520 9402 5438 8996 394 2083 7531 2089 7595 7562 3936 8968 7057 3615 1187 3289 6435 2174 9871 6416 5814 2775 8889 3348 4079 3295 1922 9568 6310 1137 1883 3462 7008 9588 7998 9038 8937 1927 714 4968 1383 9998 7363 1142 
33 5077 6455 3112 9902 1582 6875 6912 3634 7146 4473 4269 8212 8488 7746 2008 4427 4141 3352 7058 3008 1746 53 5222 331 6059 9646 2653 1757 7261 1489 3056 9028 9725 2874 9880 7139 8345 2595 9766 1362 4611 9502 3404 7645 9263 4577 192 9997 5967 3986 9033 1630 1398 8806 9824 875 7417 3192 4891 9371 6989 4846 2754 1983 1338 5493 9715 8562 9594 4338 3209 7422 2033 5214 2156 7543 1487 8883 6476 5522 333 8687 7872 66 9597 1002 6116 787 910 3277 2255 3251 9233 5738 425 3202 7114 8997 2457 3496 2837 9361 7489 8436 
34 463 1869 7442 4799 2731 934 6441 6067 2622 2453 5336 5283 745 3900 2080 1219 7569 9677 3720 9832 1697 2790 382 2544 6516 6329 9621 2913 798 3683 6266 6477 2183 8255 1608 6478 7121 3580 4522 7110 5698 2553 5242 4563 8920 6706 8375 7620 6208 1672 2968 5591 6622 5603 6501 7303 5083 1510 5610 8765 3777 6783 3604 5312 8214 5138 7095 8510 4451 7799 8206 1503 946 8686 3496 1909 7691 6811 7542 3364 2914 1554 645 1261 6120 7593 3601 3700 6016 
35 944 5202 8877 3015 2595 1607 3972 3678 4368 4378 2218 6569 8512 7892 6842 9431 5685 467 6999 6900 333 4659 59 464 9953 1869 2957 650 3473 4926 1390 2608 356 493 3176 3471 904 3990 1637 6929 9610 5317 7979 2691 6518 6639 4581 5847 5021 8603 2556 2079 9083 4327 5738 6776 8378 9909 4580 4109 1577 1385 1624 9554 3525 5843 2184 2163 1111 4094 1414 9041 890 6403 7347 6662 4703 934 5965 9387 4744 6854 7334 471 3610 9627 2016 6239 4985 7039 9190 4962 3348 6461 1453 5328 5899 6119 7655 
36 7634 2514 8391 8344 4424 5123 1057 284 2359 1047 145 5649 840 7355 5065 6436 3212 985 7413 7564 8265 400 5416 3905 2807 3474 56 1171 4814 9544 6819 9490 8644 2048 2640 5599 9637 6978 8320 3793 3678 4845 1302 3165 9541 4440 3660 9540 2848 1279 5082 7182 9554 1680 3223 7026 2571 5403 3019 8045 485 8401 3130 5362 2372 6371 9035 9446 3535 4123 3317 3013 6258 2584 2723 9027 7357 5175 6074 4353 6678 3380 5944 2966 5899 2287 3908 2766 752 1335 6341 7234 2471 1589 7013 3854 7515 9399 8222 309 4533 4972 727 7118 1481 1837 3736 3375 6378 7755 5792 7480 5319 8463 
37 8812 3841 7339 9557 6793 8172 3291 6840 1845 9980 4320 184 8419 4113 3608 1214 3033 3682 9370 8665 541 4370 8269 1645 6680 3011 13 9420 4512 147 1511 861 5197 8170 2585 7057 6446 4017 1455 1849 1133 736 4270 4735 655 7776 2486 8621 8836 2171 8821 9870 9991 445 343 3385 3275 4041 8276 6405 8226 4676 6222 1220 8698 589 6620 7541 6185 2936 467 5917 2365 5944 6524 2809 7292 9451 1901 1486 5541 980 7618 3647 5815 4858 4441 2915 2750 8100 4647 3140 6587 9214 5724 9784 1843 2169 9579 4105 5356 629 3528 
38 2442 6488 9660 3501 3463 919 5006 3680 4846 4295 6307 1601 2713 5449 6899 2670 8998 5302 4390 896 4144 5072 2893 5414 3210 5684 8862 7398 2817 5406 8480 8958 820 2255 6865 9440 6569 9497 1582 6977 472 2607 9829 9770 9631 6009 8588 7462 4100 1898 7970 1381 3366 9793 9361 2830 7776 5284 579 5193 1427 7936 2478 7843 9140 8604 1832 6969 8819 7943 2420 5813 5153 4269 5151 8472 793 3269 2852 3266 2403 8200 8542 5349 6385 8237 7368 2567 7954 2461 33 7054 323 9709 8033 6288 6103 7932 3692 354 8579 3224 5045 1941 4034 2236 8814 4989 
39 2175 7869 6321 809 7936 4753 3297 7158 9387 4471 8228 2442 1371 6042 6971 8006 8077 4372 3398 1023 1710 4378 8505 8472 1961 4324 7032 7722 5431 3883 3714 1215 7883 9990 386 8628 8246 2287 930 8418 5870 3982 7385 7553 2964 3115 2761 1047 6920 635 4804 3840 5984 2718 776 2864 6303 5115 6349 1417 6394 9936 2434 3075 2306 5307 7132 6293 1815 1920 9277 2355 638 2343 3654 6665 7202 653 1676 6616 5428 5962 6127 700 5985 6222 5447 1315 3807 6147 4697 3097 3274 6473 2732 6044 8615 2953 8300 4026 2067 2697 4938 
40 9955 2430 7509 1244 8610 8021 9376 3481 7832 6451 2543 4724 1585 8904 9361 5524 4103 5344 3151 7119 8514 9720 8599 2633 9654 7034 5414 304 2094 7318 4597 6915 9427 203 5869 9723 9485 1192 3076 8957 1710 8284 5378 9778 8836 4919 3052 8297 1521 9295 1420 6932 2576 4008 192 3571 3259 4733 330 4291 2519 2095 7319 7922 2853 8549 7445 4361 157 3932 6923 9347 1358 1230 2666 1780 2355 7528 3007 2572 8535 7493 5202 9045 4700 5192 9258 8705 5360 8138 1222 7074 1019 8225 7917 340 3506 3353 5343 7352 234 9252 
41 2217 9388 8922 9920 7855 1309 3927 1856 8866 6331 865 8717 7155 4665 4322 8253 2246 7539 1418 1656 8681 3236 8575 7410 1233 8202 6249 7914 1897 5639 8763 9328 6674 5679 5942 6722 3730 4872 1022 3256 8333 8566 2393 2759 4740 7472 7873 5232 4581 6656 4080 5127 7372 8715 414 5511 2896 2278 2297 7342 4266 4804 4207 8894 6267 3156 8459 604 362 4822 4379 9646 1108 5985 2534 1480 4396 2620 7615 2811 2480 3776 7036 7619 4806 9584 9446 9634 9206 5072 2802 7634 3852 7701 2462 9705 
42 49 343 8087 8875 8258 8751 4433 5328 2824 5776 9126 2629 6908 2344 1396 9294 3008 6715 3193 960 4321 4509 6679 916 9800 7322 9284 7020 643 1085 5476 1682 7799 998 7207 485 4466 8949 8537 2126 8278 1545 2822 5129 5725 443 9670 1428 9214 1705 8937 7720 8400 4068 2018 527 667 5176 7375 3404 5003 7736 1484 1300 200 3127 4769 4812 7396 371 4818 511 5540 1751 5900 8243 481 1345 9082 2464 2715 399 2410 2567 8840 8845 8902 1490 9042 7892 180 2557 6667 2743 9715 4768 4708 7143 7455 4037 8267 6656 7642 981 2875 1235 9550 
43 893 8510 5667 9417 1839 3624 1044 49 297 5000 4223 4700 1589 9286 3587 3284 4661 4596 8723 1739 6667 9318 8258 7405 9035 8119 3940 6424 5977 852 5812 8032 6891 6641 4650 9118 9221 9958 8288 7240 10 4953 8955 4091 170 5873 6698 5683 3168 8337 3182 7478 1222 7933 3116 9534 9454 608 4254 830 9560 5616 5503 9569 6539 6611 6468 6528 3920 8842 4852 4454 5176 2374 3119 7189 9879 973 8246 5414 7238 786 1086 9240 4191 6537 8724 1051 8864 9242 1930 669 4538 8022 5731 4630 6451 3533 
44 1616 3140 2589 8273 5465 407 4656 458 3810 4535 9162 798 893 2781 1304 6195 6007 8765 9145 4817 9323 5409 7866 1782 2288 821 2155 56 2552 4953 3036 514 7523 8798 4490 2638 2369 6913 4724 6969 8018 1129 6240 5428 4835 3147 5441 5380 7947 1295 5864 6326 1377 9421 1860 5401 569 1316 6216 8838 5450 3634 8702 8157 5707 5422 7765 1296 9665 2021 9404 6056 6604 9967 9468 1279 6363 3940 3280 5639 4755 5721 370 7302 5350 8645 6479 5461 8071 5299 2500 6575 7442 8646 342 
45 5259 2973 6590 7880 8408 263 5996 5256 3745 2437 7122 3275 2569 5139 3567 9461 9148 4673 9354 5014 6796 1058 7287 7723 6286 4802 5440 6478 1673 6740 4503 1554 8838 6461 6944 97 1616 3609 5496 2715 4951 9788 7878 4808 4372 9807 538 4250 2566 8020 6924 5635 3419 9974 261 5610 3352 9614 8063 9500 8861 3464 5642 4326 4831 802 642 9097 6069 4629 7107 8567 6121 6557 1788 6966 5379 4198 8233 7649 937 8068 9110 8597 6591 7437 8695 5881 1148 966 2351 3944 1741 3684 735 5300 5951 999 4975 1730 8891 8318 452 7147 2105 9701 6501 5276 6622 6144 
46 4526 30 9638 1623 8993 934 7276 5422 5002 1342 5259 418 1026 3213 7438 2616 9593 1263 420 5498 4722 6359 734 1289 1037 7641 1242 2640 461 6373 6790 2971 6800 8800 11 7643 3720 8268 413 2132 120 434 5165 1577 9695 7283 9379 4239 7699 429 5884 1634 1760 5357 5515 7711 3135 5988 2927 7603 6757 806 7219 898 8891 1457 9925 8489 9811 5784 751 1358 6434 8362 8358 5102 2249 8108 6481 1976 5869 3589 4410 6159 9368 9122 7896 507 2596 1053 3535 2839 8404 8814 591 9936 582 2956 4190 143 9645 5382 9648 7168 1319 
47 3125 3201 7582 5024 34 9262 9443 8677 7193 4898 9550 7256 4142 8730 7824 5851 7776 5194 6421 9094 7288 4033 3757 5049 3116 6826 5272 6024 2387 5880 841 291 7950 92 4040 3532 8789 6707 980 8265 3238 8060 1191 9139 1201 4940 2525 5344 1385 7906 9630 8321 1389 2746 3504 2947 1954 4598 9851 5695 1801 5498 5621 5513 8254 1800 5063 1503 9716 2554 5207 7741 868 1822 2623 7062 8869 8808 4531 3627 2784 9119 1379 3699 7635 2114 7488 3576 9026 817 5348 6545 8275 2382 5870 
48 7214 9792 8642 5943 5913 3130 6028 4612 5650 452 5996 5136 4818 4355 8168 9314 3976 2408 6349 2087 3282 9766 6061 9274 2607 7922 8080 2424 3294 2989 9997 3701 6338 1236 9159 2109 7265 1374 1115 4344 2716 6867 6694 2721 114 1776 7888 1936 1232 5502 1228 6281 7528 1855 6316 518 6911 2911 7175 355 1259 2333 1021 3854 6495 1233 1333 7390 135 5661 5372 3684 5280 4198 6816 4073 4059 7257 644 3270 4881 7467 6857 9865 9917 3383 7285 9552 940 217 1529 3618 4982 225 
49 2549 5486 6829 456 8678 8390 952 7466 8295 5871 3075 5853 8512 9147 7671 9402 6716 923 7333 1381 4601 6856 7841 4003 4918 7039 4055 7861 7857 6586 5618 4024 2923 7618 4153 1436 2897 4496 9673 2882 9755 3710 5881 6713 2344 2245 1286 9143 3338 5043 6427 4619 4711 9726 9274 6494 3947 6299 1826 8407 8524 3439 790 3064 1486 1539 9481 7451 7919 328 9068 7096 8035 1037 4249 5413 7381 4313 9380 742 2939 1596 7281 2327 6238 2951 9666 9082 9512 4995 1943 7729 4683 2252 7405 892 5769 472 
50 1004 9668 7468 4094 3503 2549 735 229 9223 7699 3287 2040 3514 3008 518 7121 9189 2004 3374 5802 8234 149 7842 1749 8436 4402 4917 4343 1457 9486 9687 5015 2801 5348 4737 4479 8042 3698 3826 9147 8618 8108 198 5830 1942 4394 5486 7381 6527 6871 3368 4668 5883 3924 8662 8919 2691 8661 7612 6641 8152 4437 8925 1916 2154 1096 9037 3248 8401 3680 6478 7272 1020 8566 4498 1602 7395 5698 7123 2679 8931 2273 4569 786 4857 5422 2410 7688 7415 4500 9475 2824 8806 2146 1093 3546 7372 6354 9681 1837 954 9555 
51 6670 331 5336 5584 3340 388 369 1004 3428 1066 1834 8981 385 9247 4477 7615 933 483 8554 953 590 8917 7500 9072 7562 860 8059 2805 7042 474 9392 1256 7457 9391 3919 3406 2594 6467 5968 4135 7871 1782 8406 908 8027 2532 8323 4730 7676 430 4250 6115 2686 7757 7147 3455 406 3593 4929 7889 524 8445 9162 5131 7891 25 8854 821 3242 7092 8819 2189 3587 4445 4423 151 5246 3881 8628 7360 8063 3187 4775 3666 6508 1380 1383 5887 793 5332 3729 2280 5893 1278 4211 476 9284 2754 1885 2297 
52 1243 7708 8820 5492 7819 5308 5562 6670 7410 6795 299 5892 1290 5311 5819 5994 4737 43 353 7732 1270 3609 9470 5099 5363 7802 4087 6257 331 8840 741 1772 5463 1809 4554 5419 3344 561 6426 8221 780 1903 1120 7659 5662 7856 931 1112 531 5755 8959 1699 5480 8359 9640 6295 3465 7972 2453 3781 6495 6944 4240 3688 6960 6344 6304 6695 987 8353 600 6373 8522 3206 4491 8690 3442 8712 2074 7952 1897 5764 135 2324 2035 3281 342 3249 3855 5647 2608 1829 9906 4227 532 6448 8943 3154 6124 9671 9692 
53 3884 5421 7010 2113 9459 3275 8642 5296 9404 3315 163 209 2148 6286 2861 7931 9345 5221 1309 7183 7613 2875 2105 1512 1847 1349 8626 4417 5213 6772 9334 8976 6507 6926 7875 6442 7487 1806 9690 6665 509 5322 6130 6432 8648 6765 5468 9876 4871 5285 4611 2609 7888 2371 8020 97 3705 8915 901 6136 2810 5793 6133 5690 4920 1456 6669 8170 4473 8196 4355 8909 1727 1367 2952 1399 4817 9666 6360 8239 282 993 7698 3897 6861 8988 5857 2442 9783 
54 9525 9167 2844 2744 2577 868 5266 873 7683 1032 4782 2223 3098 4685 9515 4310 9639 7786 2286 9955 8501 683 8016 4115 9743 1938 1400 7957 7428 4350 8729 7889 6563 4638 1087 2426 6184 1311 5736 8656 4129 57 9727 3847 6252 3375 3683 4892 946 2073 6490 1160 3774 6103 5197 1092 5972 2786 2074 9697 4629 1215 9547 8348 1024 9440 6543 2693 263 6428 5996 753 1932 9083 7756 1420 2568 6014 314 9066 4926 6170 4985 9412 340 6307 560 5409 2624 6616 7177 7278 477 8992 7174 5551 
55 302 5447 2665 6025 8469 5209 8247 9167 8519 1314 2804 1629 8446 3326 1890 8405 6560 6542 970 5535 5101 3133 4914 3698 2844 7374 203 5751 6992 8669 6006 9525 1706 8560 6381 5904 7054 2279 4389 5463 6460 1962 8588 2523 1119 8767 2150 1294 9501 8714 4082 2169 6968 933 9620 1344 7829 2799 5657 1064 4602 447 2444 2385 4894 8653 8467 8191 7751 848 533 7734 2991 1741 9057 1421 4191 9111 1951 8354 2118 4681 8344 2263 5549 8642 531 2091 1446 5453 1225 5212 4557 9563 6611 7645 4222 3727 5288 
56 4016 4482 2493 1758 5546 6982 2990 2716 9994 1825 6714 7676 9460 1216 8062 7363 217 3033 6496 8909 2600 4418 5572 5842 3746 5181 3383 733 2221 3548 5930 5520 6894 7807 156 5427 2360 6436 3467 5504 4152 9036 753 7877 7690 1691 785 2024 6617 2141 6301 9252 2158 623 330 2118 2237 2 4599 4810 9783 4086 3882 951 479 8596 40 4314 9277 3985 4325 178 9979 5110 5555 5883 3546 4176 2674 7206 2317 7582 4431 8695 2937 1688 5060 5898 6300 8617 3992 9854 7781 5484 9860 8112 8813 472 475 5900 331 8721 4127 6869 8692 4112 
57 8554 2941 9473 6831 462 5784 9648 1959 4857 539 3177 3975 3628 8040 5721 8828 4794 1058 6823 4235 7346 7441 5137 1810 5806 9946 3639 9872 8338 621 7055 8324 9073 8941 9977 3578 7796 7095 5811 2765 7449 8476 6439 625 8446 3414 3709 9178 8241 4031 7972 3396 7703 3144 4123 6994 412 1546 7980 8833 1878 9392 6887 717 2406 6084 4949 9362 6303 8133 4016 6824 1677 9232 3261 6235 4689 1305 6325 8090 6548 529 8155 4705 3122 9511 139 3004 58 9801 5046 2633 8466 1357 3324 9252 4972 4023 4227 1329 2440 1604 8877 637 9395 6417 4935 5227 4973 6848 9031 5848 6319 
58 617 1357 9539 5837 4224 4032 2109 3696 9872 384 1572 3712 9995 7988 2493 5093 9875 1388 4200 4428 5422 5807 692 8182 7684 6684 1223 1776 2294 4196 3847 6983 8311 1000 6398 4770 8821 82 2454 2320 4968 6197 9760 7640 8170 9905 8781 2625 6531 6249 7660 9501 7694 6810 7301 6076 9387 6151 457 2684 8613 5844 3423 1470 5998 2551 1878 5815 2919 3099 3403 3781 315 2482 8739 7858 6074 2589 3304 2755 4229 45 8554 4744 835 357 1253 6737 8561 3851 5090 4179 6272 3156 8960 6137 7977 392 2570 7048 7566 9355 6738 2619 5917 5102 
59 1178 7366 9044 5002 9368 2178 4761 9468 5151 9675 9598 5077 405 1300 840 9507 144 8313 6127 2087 1878 8573 3282 6775 7675 3979 9562 7770 3408 3526 4455 1858 4418 2155 8273 2192 2407 8646 7082 7742 149 4147 1411 8674 6031 6320 5994 3308 835 6374 8959 5923 752 2868 943 3951 1408 6226 7754 447 1312 9969 4136 617 3021 9188 1443 8544 7022 2636 115 153 3969 6357 282 3097 7679 2790 6931 2074 445 6405 5550 8393 2621 7134 4062 7241 6733 2299 1902 3450 4954 3099 4493 6680 7280 1392 5292 7309 3080 8062 9694 4058 1307 5577 
60 5459 3944 1673 5736 7993 1132 4368 6292 9428 6831 3448 1566 3952 2219 5139 1711 5723 7828 758 6021 4257 8487 9204 9914 1762 8476 5642 70 9049 3583 1764 8258 4175 6647 8021 7576 931 4721 2392 3109 4330 8041 5865 6287 9903 7391 5620 2455 9223 4708 6875 9182 1240 6274 6608 9015 9693 749 9453 2490 3978 3879 6922 5299 2563 9355 9656 2621 4153 1173 2684 3343 5532 3478 3893 9397 4549 2860 16 6913 4086 428 2809 5456 120 2104 6085 7755 6234 4842 4372 2466 6729 1236 7214 9396 8958 1506 3282 1773 
61 5144 6901 9021 6854 2848 4880 8653 2927 7925 8833 9925 8095 7170 5530 8243 6927 3507 4795 19 6507 9187 7709 3825 1821 4789 1161 4393 9710 3398 3772 8547 692 6049 3646 5070 8289 4990 3295 5617 5951 7647 2513 84 1252 6441 6803 5783 5132 327 8394 259 7982 8063 4334 5459 1666 2067 9718 8371 5158 1101 6602 9614 6170 7532 3135 9904 4561 363 136 4143 3293 5383 9671 7412 5569 3195 8435 5135 369 9591 419 1065 7445 3097 2098 1657 4451 3307 477 2976 5844 1561 8192 9175 1865 2302 2709 6158 6009 604 9565 2962 6119 9697 1006 6274 975 
62 8195 3655 9909 7616 6285 5079 2675 6996 3782 8255 8392 5565 259 819 1691 7427 7555 2191 5345 9845 8944 2053 1689 2083 6314 2447 8984 6190 7213 229 5978 2400 7084 7355 9582 1070 6059 7859 7724 8928 6310 8050 3322 8783 9111 758 6192 6338 514 3393 2983 1071 925 8941 9158 8830 9568 900 7317 1549 5691 1192 1609 5123 5251 488 9067 9762 5487 6444 1931 2957 3919 9906 6257 8122 2483 3879 582 269 2630 6537 6709 8936 7672 4011 9459 2057 9571 1889 244 5714 5953 7330 5968 2111 7449 8604 1167 
63 5000 5500 9909 9391 6255 7140 4367 2220 9593 2555 5437 547 4402 2446 2644 658 3766 9795 955 7605 2833 2135 1154 4183 7844 8772 2670 2586 81 5397 7274 4748 9921 9438 1702 8287 4691 9992 3837 6070 8631 1772 7730 9499 7151 7964 261 9322 1043 3513 2945 2215 421 6724 3618 5468 3561 8873 606 1277 3781 397 2368 3497 8636 2249 889 8300 1040 8458 3997 9383 6855 5023 8417 8867 8399 6259 1747 2323 9651 9597 4904 9139 6531 3719 1299 8933 7563 69 3431 6406 5988 2369 730 1215 2636 9393 
64 9097 3800 883 2291 3533 6759 4262 5212 831 5000 923 9707 6669 1589 3337 1776 7123 4129 2330 5497 5350 4713 1596 1961 5624 9389 7827 1478 6659 5490 7089 1391 6205 8445 6825 2320 7104 9264 6643 3546 2812 4089 1877 52 2648 6599 4933 3602 1775 1958 869 4451 8514 714 1537 6063 9994 5822 6336 7167 4405 5277 5614 1739 1898 1951 3743 252 5741 1569 1787 8776 7272 6701 1320 5300 834 5446 7359 685 5114 5230 1481 7556 1823 9434 5429 8020 5365 6917 71 3328 9999 5587 3986 2926 3893 5006 3316 723 3078 5826 3383 4694 3431 3065 
65 463 8096 6248 7148 4021 7695 3259 2116 8323 757 53 5686 6354 5489 6766 9578 6879 3926 9028 5653 2539 9755 4125 3783 9418 9888 8382 131 6799 669 9226 7180 822 1079 1380 7798 387 3955 2622 4950 4547 708 1409 2027 7295 3879 9123 96 9321 8054 998 577 4758 3277 5548 6300 8645 776 7536 1137 7115 1291 8703 9814 5277 9175 7055 9129 9472 5200 5230 4387 6716 3671 2016 4633 5179 6409 255 9507 7147 1209 614 4652 5872 1675 8250 1612 409 7467 101 8191 1630 
66 2879 6557 8892 9174 9002 5461 3029 3861 5970 7941 4419 5576 6237 7916 6825 7218 1017 9469 6167 3157 5713 474 8399 5570 1284 4048 1418 5388 7242 4565 9054 8632 2139 2216 5442 4899 1127 3182 6697 3777 720 9261 7891 5742 955 5771 8656 9401 5568 3572 7091 5797 2093 4168 4919 463 7080 8940 2318 6438 2300 9631 9700 5706 1681 879 215 7280 1744 8543 6340 8675 5709 4789 4352 948 5618 2670 8652 7096 2130 7806 8417 6556 1614 188 7513 1758 7106 5023 6922 1552 1761 3586 9676 
67 2799 8243 4775 9630 7413 3604 2655 1946 1931 8464 2386 7252 4657 7468 1259 1756 97 6266 551 3705 6618 5609 5792 4964 2574 845 4550 9597 8673 6587 8309 3474 5356 3605 9890 7223 5540 4681 9370 9659 2354 9931 5323 8381 3833 8640 2461 876 9481 1128 1512 2879 2016 1579 6443 6942 9404 8122 6513 6309 5316 182 1505 2738 8421 1474 5090 4958 3903 745 3568 1563 9971 7218 8451 9381 7980 818 8727 1938 840 1202 3166 306 7450 3433 8617 334 9366 9341 6852 4315 4965 259 4114 3257 2639 7017 2454 6718 7694 
68 5313 4574 1674 9890 176 6312 21 9561 252 2373 7931 5832 8191 9269 9784 1157 2799 4097 4419 7607 4305 9194 1815 8348 2604 3797 2992 7523 6217 2717 5929 2375 7397 8251 1981 4520 8299 7034 7361 8707 8258 7400 9541 1729 7100 2812 1129 431 2193 1006 708 8671 2077 9320 8101 71 1355 6841 5021 9853 3004 3836 399 8397 7889 3485 2995 8135 8018 3919 9539 9291 6716 1393 6829 1124 7946 2448 2152 1321 4216 5604 853 318 6947 4658 9478 5274 9774 6189 1686 4239 9245 2073 4347 6307 604 
69 576 6647 3665 7499 8947 2897 1608 6283 2295 8548 3705 9728 5450 5040 7322 7314 9553 2743 4384 2768 6912 4613 9026 8559 2287 9954 6081 4340 7176 742 8046 3238 289 1116 2603 8491 779 8874 1544 1870 8963 2962 6021 7628 3549 8705 6187 3883 9298 4737 6962 6028 9170 9624 220 9503 8039 4773 9175 2912 9774 4599 1802 5876 9093 5407 5387 2346 1138 4853 2541 9328 109 1371 9517 377 2011 5141 6883 9058 8142 7790 3601 8300 9928 6505 7781 6648 3268 5369 1891 4359 7832 
70 2370 8167 9626 263 6455 6549 4682 2034 4445 1666 8851 5995 1451 9026 7098 9697 7824 3437 3511 3831 3381 8586 9771 7650 54 155 7520 1060 2155 1446 5061 666 9558 9368 7376 4113 8205 4044 5227 5089 4977 9909 2639 6508 1961 2189 7880 3133 3743 9171 396 1802 1204 6445 7703 6889 661 3422 1786 9953 6929 9783 8995 8396 1428 512 4086 5414 8519 9452 3641 2463 8548 9790 8346 2013 8212 837 4428 7193 1930 7185 8436 2439 1647 749 7934 859 5400 4320 913 4902 9754 1166 9373 4179 5911 7499 4582 3376 8683 3728 1489 6018 8131 8935 
71 9751 6228 2000 491 4494 6162 3044 2971 9429 7396 1481 9746 1839 2667 1033 6428 8325 3856 458 7755 8833 2948 6728 9989 7540 1867 5443 5702 5065 4412 1414 843 5880 4319 8890 6654 6956 3712 4127 9450 3668 4673 6350 4113 3246 2383 9222 3445 8282 3733 8391 8147 8366 7367 751 5125 4960 258 2406 7160 1875 5151 3611 1155 1393 7674 5005 1111 9786 2084 8651 17 9858 475 1765 8024 4272 7031 9550 8041 7831 6895 8776 5990 9738 2848 8078 197 8186 9287 2024 1345 9651 5538 9230 1353 9745 9169 6360 9220 2476 9867 8077 9601 6416 242 
72 3444 7116 396 8197 1871 3566 9711 9930 2878 8572 1066 1891 16 9988 1609 3086 2590 6079 6336 7387 5780 1316 8001 292 7931 5177 4296 3798 6723 1946 6573 8792 100 2462 1481 6413 3699 1406 4418 2400 9380 5742 6149 5979 6352 581 5684 4716 5209 4356 58 3188 5571 8682 5924 7545 2020 8658 2937 5643 4376 4986 9524 8389 2964 3195 6734 1080 6189 7216 4899 9424 6369 1457 2363 9468 6559 7761 6063 863 4435 9159 9780 805 8548 5043 609 5361 895 3994 2367 8039 8465 6703 1667 118 2393 7799 
73 7133 6063 3058 5376 6542 2695 8240 5638 9001 9106 938 6261 9251 8412 2652 6802 5328 162 5235 4913 6469 3660 2786 157 5420 8306 2873 9380 3684 1349 6489 1865 4814 3622 9800 2317 8658 6795 9737 7655 7443 143 4013 8447 8679 4774 4288 1654 1009 2930 5942 5681 4722 4290 8587 2831 6157 3548 3435 6031 7787 925 9625 8281 8688 9998 4310 7162 534 3319 8211 7964 6333 3259 3516 1291 1802 4629 8428 2947 5089 7110 9440 3542 9917 529 1738 9686 8562 6579 3689 104 2599 7126 3262 2721 7293 4547 2665 16 5006 873 
74 2478 4706 4710 6485 4245 171 3689 6657 9250 7561 721 492 5683 7636 3810 96 9403 5744 1128 2541 3806 8265 9312 5173 7148 3512 9634 8192 6383 7811 3379 8799 6535 7133 6231 5627 5901 3237 1502 2761 8809 3082 8868 4832 5961 2898 4508 6017 2555 8894 2752 8401 2174 8590 3248 5640 7495 1140 8794 9326 1957 6942 3024 5646 3420 4797 4268 4530 7819 4323 2342 1551 8388 5111 556 814 5608 970 3858 9342 4350 2448 6887 7327 4521 424 2844 4363 3438 2388 4685 3291 6794 662 1338 2743 9778 584 2487 4208 1307 2496 2953 7558 966 1769 4164 3961 859 8030 6225 9093 8766 3088 
75 558 8975 929 6708 2478 7510 6858 2893 4974 1296 6556 6507 7344 8776 4861 3851 3711 4242 6245 4263 6434 1420 5997 2219 808 1123 6433 6155 6090 115 7434 882 6060 9742 6638 2630 1018 5749 4739 6411 840 8664 601 6423 5133 8313 8272 2774 6115 337 114 4969 1572 8185 2891 4366 8530 4059 4139 2989 7687 9661 8873 8159 5544 1345 2955 527 7293 5062 4953 6660 8303 6465 3890 1360 2894 6701 4684 3858 5147 9494 1956 9434 6071 5488 5199 4404 4806 3966 8550 8356 6745 5139 1673 7918 4160 
76 8842 8830 6870 9138 28 9211 3685 8763 8761 2635 82 6349 2238 558 5522 8978 9229 5139 2454 3281 8276 9535 3930 5041 7413 2614 4044 7103 2257 8497 8810 2261 4581 8552 685 9472 1875 6385 317 8804 949 8776 8340 2543 8439 4459 8965 3975 1357 7295 2799 736 5032 9580 453 8976 7070 7972 3825 5493 6508 8450 1266 7641 4942 8983 9625 7464 8267 2622 4354 1776 3774 1506 9322 2769 4623 7309 8672 8858 6451 2938 4967 5260 9739 4047 6717 4770 3940 8236 1173 5147 4712 7417 2713 6037 2525 6825 7925 5308 3019 7824 
77 3044 1751 5545 2670 3664 6905 8906 4317 2537 3125 4932 5379 8094 9153 8240 3628 8174 1199 876 886 30 4378 1176 3127 1663 8842 516 304 4379 8914 7122 6936 7549 7607 5595 195 6977 8862 9105 9649 7693 7433 8660 1113 9587 2217 1738 2794 7952 6022 3877 8687 2035 5952 6867 1753 5023 2869 2892 2582 6389 5633 8068 6613 2316 1124 7923 5902 806 8217 7428 1836 722 6844 9308 9043 5733 2127 4052 618 1073 9953 2022 578 6245 2918 8714 8485 4694 7376 4505 6157 3025 7914 7149 8540 
78 9029 1723 6063 3085 5662 3511 486 8066 9343 2996 7058 2486 3460 4907 2060 9603 6654 4023 7230 9582 7101 1212 1598 3867 8859 8248 9760 8789 7355 7929 3286 4344 7755 6670 7977 8192 7669 8643 7332 8512 6582 5035 2123 3403 1801 2850 3879 2273 5056 2049 2184 7315 3181 8133 4313 3890 8150 5767 928 3044 4810 6167 2995 4623 5271 5830 2889 9708 8302 5192 4332 6249 6358 5354 4493 3790 1566 6525 7899 2653 6430 5171 4660 4529 564 5570 9712 6832 745 8306 926 2499 7775 7476 7627 6674 
79 4020 5456 5755 3591 9029 3196 7689 8592 9018 5228 3036 847 9687 4610 612 4801 6088 5743 1525 1690 4379 4530 8569 248 1025 9949 2775 4261 2907 2483 4189 6515 8809 287 5400 3523 2827 9395 9910 2219 8175 9033 4431 3677 1598 7136 188 4654 8714 4952 9993 7515 7209 3188 5149 2180 9608 4749 9078 9603 3118 501 6320 3353 3129 4776 9510 208 2942 7377 9876 7394 8219 388 1843 1172 230 8126 4449 9365 9851 4348 4520 4820 5150 1105 94 9588 3342 629 4231 2767 198 9376 2258 1686 2475 2953 2891 4781 
80 394 8533 8217 9233 5576 4212 2108 6130 6924 509 4020 7163 3107 2635 2898 4431 2985 5456 1679 1012 9647 8551 5608 7328 7976 8643 6001 2154 4898 3288 1038 8994 5358 5800 6411 8686 3733 4459 941 8400 5953 8285 9762 2606 7905 4325 6955 9320 3466 3475 4384 2916 7832 5925 6795 4389 3606 5755 7970 6096 666 9103 2824 590 9065 9068 511 3598 30 8024 5148 1311 6492 8941 921 7375 5613 4760 4001 5990 7831 2622 2499 5432 9603 3120 2100 3572 3417 2781 8284 3691 7066 1687 3477 1881 
81 4882 2588 1278 3374 5391 3297 1643 5334 8878 5618 5016 2554 403 1667 5736 2731 7417 1549 2529 2957 2246 4436 3803 5475 9603 4237 1403 9879 9631 9858 9615 6285 1873 6789 1957 1777 6321 5850 9542 4203 7955 1137 5196 574 4963 1865 901 9063 6228 1816 9433 4646 6550 1101 8281 7793 1057 6848 8245 2035 5097 3439 329 6986 9990 773 8139 1214 6941 3012 4342 4085 9867 2542 3814 4751 8698 3717 5620 1654 1923 673 259 8513 3073 5495 6205 8202 7570 7036 4542 2043 9186 3475 7794 9252 2139 3810 2217 1119 6468 5402 
82 5359 3601 1626 2905 865 5088 9886 8014 4191 7552 8411 2164 391 4247 1193 5540 3033 8214 3749 5871 7722 6415 6879 9091 3527 751 342 145 4453 522 3586 7488 8763 4319 2405 8500 8736 888 5347 3417 7571 4139 4470 1143 7523 4202 3213 7913 7731 729 5358 451 3522 2424 3638 7181 7505 5316 3145 4644 6887 9042 5738 7489 6127 7096 6995 3456 3460 9070 1961 4896 2213 7735 3435 3558 8707 9722 9051 1927 5937 5286 1622 1866 3762 3921 4273 8506 3847 1751 1451 8730 7806 7200 7511 5765 8218 8938 1811 9629 9767 7566 9286 9892 8857 4996 8042 8366 
83 319 7656 6775 5038 6371 3008 2795 5628 6960 8854 9639 715 1843 1702 2602 6660 2648 37 3385 509 6354 3115 4456 2156 1910 1294 5924 6039 1288 3070 8767 9069 2204 5466 2244 1724 4418 748 6238 6271 1242 8336 3930 9616 7375 5080 7577 5606 6093 1340 3842 2241 3371 8249 4997 7894 2538 8169 2150 7924 2650 1465 5992 6337 7179 2317 634 7133 6843 2074 2661 2225 2723 7798 9471 3502 6386 5484 402 3798 1742 2683 4667 8508 8752 7852 5289 2948 9178 5458 433 9707 4540 5006 5716 2035 
84 5219 3211 475 6003 1075 3150 8101 9531 533 9500 6435 1358 4708 3342 3457 9815 5093 2364 2864 8786 8039 3676 5289 8339 2049 2302 7144 9916 1825 4221 1013 4162 5698 2840 4646 3539 6599 4330 9704 241 177 5069 4602 5629 366 3232 5722 2784 9248 9098 8502 7506 4960 5035 9091 3290 6311 4438 2084 2249 7944 9422 4848 4896 5789 8568 3315 8420 7641 6696 9807 1094 9556 4944 5840 6779 695 2383 2085 2995 9498 4647 869 8736 7076 6896 6479 9277 3568 3571 5021 6878 4480 6965 891 7303 5023 
85 8501 5630 6311 4115 7285 3557 3204 1577 4671 5877 2394 7463 7287 511 1156 9962 5962 4506 3446 2855 6890 1223 3516 4967 7068 184 7292 9536 1124 305 6145 9354 2710 2052 1844 641 2700 6983 9840 2749 8520 1163 5814 753 1031 5468 1929 5177 2792 1425 4930 9628 9094 6745 2304 4801 8537 909 1880 7729 455 3828 3468 670 8651 101 6041 9867 7671 7335 5181 6168 7147 9882 1934 8468 5600 7382 9369 2161 3316 4113 6976 4964 3881 9617 2552 7085 3161 6571 5207 4279 9958 
86 1304 7370 2911 7941 8069 2800 6426 2197 566 5624 3413 4487 1342 4611 6996 7016 5210 5248 3511 8615 1768 9580 2252 9482 3777 4856 877 6329 3118 2591 7320 4253 3866 6377 3875 5812 4972 1797 1968 5355 3608 1270 4774 7167 803 5208 7558 5997 1449 5872 5673 2321 4573 8404 2018 4310 5005 3021 5341 9945 5289 5242 4670 1730 7617 8438 6416 13 2343 6167 4677 7005 9093 8742 9815 9137 4046 7990 6040 6419 9579 635 5566 7186 9464 5723 7195 9364 5788 3341 3065 5429 5256 6874 8700 50 4844 1431 4465 5535 8483 303 204 1664 7303 464 8 
87 6089 436 9568 5106 8469 5222 3254 134 3824 5202 2464 8846 5601 3637 3762 7838 2616 1191 1728 2853 9715 270 5814 8259 5040 112 5815 7297 5012 5101 2460 9548 2181 8037 5041 9874 7928 8079 673 6796 3273 4624 7307 2831 7000 5392 8021 1379 8969 7866 8979 9902 6422 25 7433 6754 7123 7699 3018 2892 1698 6403 5729 4392 5786 3251 3465 1368 1676 576 300 9193 2676 4560 922 6072 8041 7067 7890 1442 7549 271 1275 1202 2986 4685 4542 1732 8190 8434 8176 4099 8053 
88 6768 5219 6935 4287 7818 7537 7975 6771 6106 8570 3674 4159 2730 3463 2663 6680 2446 9214 1633 9246 6906 4506 4060 4565 4648 4656 8257 2338 7907 6869 7952 7180 6144 7518 3064 8122 9551 2532 8033 2045 9639 1807 9295 6778 9103 4629 4664 2551 1002 416 4251 3421 6385 4527 9573 8774 6391 4573 6922 1747 3523 9973 2259 754 3269 7501 3363 5609 5305 3483 8020 776 4872 4933 2401 5726 3595 2405 3400 5179 5061 2090 6996 3223 3486 3949 5800 9331 1799 4112 2193 4571 2215 1906 4400 4037 4030 2071 4660 7853 2249 9037 9119 7032 5038 6674 9749 
89 6863 1098 4513 8754 357 637 6732 8247 3457 8422 6768 3642 8188 1989 4197 4475 2632 7471 8427 2567 5819 451 7048 575 8809 3395 7473 8428 2197 5540 7338 882 4950 294 489 6822 9493 6934 1152 8483 5188 8718 7608 8743 3214 4781 3306 7879 6380 8314 7701 3773 1381 8452 1908 8569 9741 9638 9686 6401 7560 4715 3583 3101 1537 5990 5139 5734 6230 9066 2858 9106 9547 3664 5733 3003 5811 1111 3725 2958 2806 6809 2348 5566 148 213 1291 1376 2679 5467 2140 7885 2066 309 3359 6494 3054 4263 3637 2900 8793 9485 7937 8818 3051 
90 3327 7852 496 1658 6863 4104 2844 9859 2327 2498 6929 5976 8997 9835 9869 2207 318 7440 3638 2560 6846 365 6922 6425 9201 3749 3858 1004 1566 9208 7436 4210 2623 1173 3094 6287 1399 9699 3092 9100 3406 7684 9976 7355 9623 9259 8321 7764 902 9075 8078 6040 8179 4883 1587 5338 1240 7713 6382 6952 4256 562 3728 5900 9706 703 8581 1623 4856 8148 8739 9371 8022 8850 4077 7620 6628 4873 9752 634 7851 9107 4245 612 4014 7053 4535 4897 2977 2959 1886 871 2973 1222 910 1654 8232 3722 9102 8014 1604 6390 673 
91 4323 6503 9003 318 8876 9708 5 1188 5830 2405 9809 1628 8101 4822 6065 4497 7628 1039 9023 9918 7816 2741 8164 2773 574 7617 6764 7124 2912 1171 8800 351 8220 9972 2111 6227 401 2857 6507 9086 5496 1335 2321 9089 6940 1095 7564 6312 2727 5864 8254 576 8853 8313 5122 6326 4535 9294 6519 5901 326 7395 651 8227 5887 2046 5334 7566 6291 4489 5176 8381 6592 478 6092 8932 3852 191 3210 6160 8613 4361 13 7990 3156 3919 1484 8214 7639 2318 2946 7446 7471 7525 
92 6979 5665 4376 4596 6611 8057 2436 7335 3259 1921 2293 1951 763 1942 9181 726 5109 1081 2466 4323 5578 8933 3436 7465 8108 2839 1845 6090 2958 582 4408 7978 5088 4966 8876 2911 7082 4683 6886 8086 4412 1862 2079 4448 5878 8671 32 4099 9044 7174 9057 4810 9727 9400 2484 8680 5352 3943 539 5602 6354 2245 8973 2014 5911 6292 4302 4579 3544 4970 2261 2891 804 5054 6919 5843 509 4252 2282 3922 5628 1004 7517 7094 2260 4899 387 98 7258 8262 3907 3109 1335 1475 9974 6510 7763 9312 4906 
93 5696 867 9824 121 7425 6606 7046 7857 857 5163 4258 4565 2119 6491 5527 9138 1336 4282 5935 6613 8387 8668 401 4754 6367 8271 6365 1028 5068 8784 7456 8917 4119 4342 6692 4927 562 5236 6071 425 1984 5516 6247 180 5739 5992 9918 1791 659 2987 5461 566 730 3354 6503 5381 1499 841 4570 3700 1369 2746 1304 9522 3272 8634 1405 4976 7095 5023 7666 623 797 228 7842 7064 288 8501 9454 4530 6053 4273 2427 1577 7599 6284 3794 5694 8317 6691 1021 3042 9857 9024 
94 4373 5902 5841 4479 7478 984 5002 8402 525 2952 932 9406 8058 9923 7765 3199 7234 66 6243 3856 420 7637 9209 835 5696 8574 2105 5670 2996 868 7323 9706 2856 9520 3694 6251 7120 8727 5354 7965 9960 990 8228 7791 6872 8954 2467 4698 364 3609 2307 7842 604 751 6596 7511 8515 2048 9437 2077 4109 3383 2296 2014 8929 804 6152 1829 6341 3972 4157 9016 7741 1642 8859 3240 8448 3790 4813 78 9382 1169 874 9455 5829 8818 4594 7585 1776 507 8793 3638 
95 5260 1897 7775 9708 7078 7454 4054 7047 9327 5254 8747 8481 5158 7739 263 1459 6700 8650 2062 7740 4801 6204 3245 3564 9784 6867 7108 5441 4295 1284 730 9388 9516 1966 7956 918 5829 1902 4565 53 995 2838 9357 1936 4030 7994 6920 9186 2139 8169 9372 6074 8448 6931 3865 5818 3474 1552 5906 9310 5099 7082 7697 9893 2394 9238 3922 4679 9702 4326 1455 7354 1702 6244 4521 5237 2356 8233 559 3499 5470 3177 2886 6777 1927 6715 9900 3066 1804 6657 2083 1120 6499 2811 1339 3792 8247 800 
96 1782 3446 7318 1932 188 2402 2906 7349 5370 3883 2282 30 2412 8953 6683 2741 2742 6410 3203 5413 17 3594 9443 1897 2912 5591 7677 8801 272 6283 606 8794 5826 6563 2610 9353 9761 3257 7977 9817 1218 5260 3199 8828 3198 9622 819 7814 9277 643 5864 2644 7999 5452 8020 985 4954 4321 5215 3133 6459 5123 1994 9379 3757 6958 2718 3393 8409 6898 2619 8267 5602 7354 4733 4393 771 4115 8678 998 5879 5997 1146 4365 6711 7383 43 3282 3539 9274 7343 187 2828 8418 9371 650 7504 7217 8165 4995 1542 1123 5902 5163 
97 6605 5485 1259 7019 2831 9745 8212 4759 693 6572 4306 3411 2901 6528 7659 7762 7925 6399 9271 1782 2992 1314 3156 5846 3227 7217 1271 1527 4165 7163 4477 1609 3383 3579 4318 580 4726 1999 9742 6862 6985 7395 1427 6261 3330 4015 2048 715 6370 3369 7868 2761 6931 1067 7126 3032 1701 1014 2532 1356 6744 4176 993 957 8173 3281 6646 8178 593 4878 8839 409 4585 4355 5609 1167 1840 987 852 1649 9474 6150 2422 3326 9049 4281 8620 2747 3128 9616 116 4782 2225 3313 9118 
98 549 7837 8021 2262 7364 9912 1339 8018 8839 2504 9670 9744 5611 951 6716 7568 2830 1850 7520 614 6560 5285 2520 6613 3863 1656 7108 2756 9796 4781 7783 1048 4291 2602 8179 2496 4594 7779 6774 811 693 3682 212 4105 7840 7551 2701 9331 1436 4756 3724 5479 3842 6203 8928 943 7571 7390 8411 141 7740 7044 4882 3814 2785 5145 8660 2113 4018 7546 3475 8005 4480 6868 5957 6986 2472 1198 9156 8639 9474 314 7426 629 8710 9284 4840 9536 5944 3153 7201 5725 4205 6093 1914 3534 9103 6481 5329 7039 1818 3765 2273 9648 601 2524 492 
99 2375 5483 6019 6304 125 3299 4537 8779 6024 5206 6388 6296 7199 9015 7665 7294 6214 3911 3138 8442 32 2681 7887 5887 5300 3307 8234 6533 3099 799 5828 5968 9139 3144 3819 5856 3729 3718 6723 4509 3857 8756 4696 2610 3204 1196 4952 604 2777 9032 6884 427 8893 1771 2966 8295 3057 7327 5398 2939 737 594 511 1941 9387 1799 4346 5071 7263 1420 2477 7552 6412 58 8425 1594 4729 8319 9318 7747 4302 840 3441 8740 8480 1694 9219 2518 2469 9514 3010 2184 2429 429 5039 5321 3354 4292 4617 3929 