100
0 0 3 1 22 29 2 4 6 2337 13 132 66 100 362 4135 220 320 9 38 17 448 129 45 20 491 79 44 110 28 164 18 8 1476 4266 2899 
1 0 1 2 13 3 1248 6 142 25 5 4727 24 2716 32 40 4 10 18 66 117 917 274 5415 74 902 3185 48 15 12 9 145 126 
2 0 2 1 4 5 3 49 7 6 20 13 210 111 58 14 178 66 714 524 9 12 10 25 6281 11 57 532 261 32 794 68 30 184 731 
3 1 0 2 6 3 4 16 17 43 8 3220 846 488 20 5 32 113 6239 48 33 9 2648 276 24 3969 58 46 229 65 7677 725 
4 0 1 28 4 5 7260 18 3 7752 38 8 7 115 8166 107 344 761 444 103 567 484 43 6203 19 8050 6 1228 10 78 443 1350 269 1032 252 134 482 4178 
5 3 0 1 7 4 39 129 26 13 2 102 1461 5 33 991 22 11 20 15 17 57 43 6 8 244 32 4356 214 132 28 173 78 
6 1 0 2 4 3 6 5 26 802 3906 2192 1032 623 15 401 413 52 501 4705 247 239 49 117 966 917 13 14 7978 138 
7 0 4 1 13 901 3 608 65 2 232 24 3755 218 5 29 22 709 181 9 295 21 6302 2606 38 7 20 4489 864 50 9030 535 41 583 7624 1310 
8 6 3626 91 113 1290 0 4535 233 378 892 1 17 14 2 3 49 749 58 67 422 65 201 1780 3772 10 2128 3400 1542 20 307 974 267 909 
9 1 0 2 16 4 996 160 101 675 19 18 86 9539 2033 32 6 52 29 11 26 3 60 41 846 202 7 5710 792 35 5068 8 243 4022 155 
10 0 2 3 1 95 94 4642 6868 660 7 60 11 28 2420 2034 17 263 3618 2246 24 33 362 4 5 42 7699 49 162 6 621 65 126 
11 0 1 4 3 2 5656 667 2771 651 115 6773 5 10 194 221 2136 444 102 216 284 5163 317 173 476 466 260 13 621 
12 199 16 389 1 1199 1867 11 623 0 52 87 393 3 383 368 113 29 6 45 2 256 23 498 1969 10 239 15 1575 76 19 3530 107 2153 8 1263 1310 1502 
13 2 0 1 4 5 553 215 22 162 98 146 4033 95 986 165 2241 327 188 20 63 8944 595 125 4051 29 497 8 74 119 10 566 2735 432 2653 1888 
14 1 0 8851 72 1135 16 185 324 227 1183 2 1575 947 963 1320 5 1099 4204 4 31 173 66 12 3 4062 11 42 74 197 492 6 29 243 8 709 
15 0 4 1 2 65 8886 9907 5 20 3860 3 26 51 6 81 17 14 93 52 469 39 19 21 29 368 1962 276 89 709 
16 1 0 26 950 24 6 183 11 263 9 944 755 367 49 888 19 61 1298 164 3636 88 3 2 1986 1438 113 1995 443 8262 66 15 58 2857 
17 0 2 1 5 32 806 46 57 3 4 6 472 44 7 108 92 242 15 26 10 6257 48 789 135 18 19 4738 333 186 9 8 7086 138 
18 0 1 2 4 36 3 399 4267 98 60 270 5 18 31 212 387 160 1695 21 3045 685 3888 1051 2839 175 208 11 3233 547 8 7 2633 166 176 138 554 5381 
19 0 1 5 7 6 3 617 62 1419 6011 1915 2 39 70 394 36 34 8970 30 105 18 315 117 4 9 66 80 13 4106 482 8 176 5926 
20 1 0 2 5 16 11 9087 3 2642 39 6 9 328 282 63 941 104 3052 80 7 201 46 77 6611 35 4803 204 59 147 29 54 2948 1233 8 6651 5514 155 
21 4 2 0 1 5 45 13 29 16 1906 7495 3 6 64 7322 141 48 6554 22 405 226 320 525 460 143 1743 37 8558 2208 621 
22 0 4310 369 1142 5 2989 831 3935 2 4 3156 1461 3 180 1 13 500 95 41 6 1665 1039 12 18 7 8 886 27 5478 1158 25 279 708 63 1737 1290 
23 0 1 2 8 225 5 9174 7 3 4134 610 162 6 196 2571 266 131 20 355 28 3784 2138 12 10 6190 192 29 2190 17 5280 2072 2171 84 27 139 7284 120 968 
24 0 1 7 15 4 2 14 37 3 10 11 64 537 6432 68 2990 5 20 45 182 1148 379 309 559 39 71 82 593 2763 148 3756 
25 852 0 5 1869 2 12 7 8687 1229 51 29 24 2384 1924 1 41 136 4 16 60 17 15 63 80 505 6 230 165 9 2007 4311 919 5482 583 2264 
26 1 0 7 2 5 28 4 25 31 3 2335 3516 2566 11 6 738 4469 675 2570 19 41 16 17 472 93 24 21 14 4635 1129 22 849 9 968 138 
27 0 1 2 5 9334 241 10 6 71 11 3 4 113 19 231 74 16 2475 366 183 7056 26 21 821 7866 287 206 1887 3649 7 487 155 
28 0 1 6 2 98 3 4 26 822 7723 24 273 68 39 5 4679 60 364 2812 66 113 2746 265 137 127 8 23 138 621 
29 0 1 2 4 3 5 78 8 9 16 130 436 25 595 12 9479 4867 584 142 194 2491 9595 23 861 24 7 41 83 58 308 2321 6 80 3011 778 19 
30 0 1 2 32 6 18 3 106 8699 30 532 14 9 1219 45 9577 118 21 19 6926 86 191 77 399 16 131 1415 438 5 558 2500 20 2622 17 1360 139 2841 869 138 968 
31 0 1 7 2 4 14 9 184 3 8 7641 50 423 21 81 39 61 2424 722 1365 12 71 2400 6 86 8982 2789 76 82 98 1593 667 27 4439 686 5091 583 
32 1 0 2 94 66 154 42 1501 4884 18 206 160 3 4 967 691 208 228 5534 23 2502 12 5415 321 33 21 1427 2625 70 9 5921 
33 0 2 3 7 905 203 216 81 232 130 110 37 15 10 53 211 4 89 1088 5 2339 5078 151 17 1 806 802 7918 243 1959 6628 3292 341 8 303 9365 
34 1 5 0 134 8 2 4353 10 6 237 1675 4 122 3735 48 3 47 1094 3947 4555 99 72 1519 76 6577 
35 0 3 448 4 32 405 10 13 7 665 855 121 3215 4765 21 696 5823 24 2 57 20 307 15 14 1395 98 12 119 18 349 263 8 25 43 102 2148 1151 2371 
36 2 0 1 6 3 4 195 237 2890 14 16 701 479 111 412 2647 220 3447 151 41 159 291 34 729 22 7833 1912 114 43 27 58 554 
37 0 2 1 4 3 16 9 465 173 89 6061 6 5 64 548 401 606 48 10 30 76 3511 128 1372 23 3471 642 1263 7984 
38 2 1 0 16 89 18 3 1505 227 24 150 43 4 8 15 6 30 74 7311 215 9354 118 81 47 60 25 63 146 57 62 2371 355 
39 0 40 67 4 1 301 15 17 801 6691 28 3 3554 1010 601 862 9 3401 49 115 5006 186 18 98 3213 454 6 54 290 583 5921 69 1671 
40 0 3 353 2 4 56 1 104 904 728 92 23 14 1272 172 15 8017 301 697 347 86 24 8 362 1624 2389 100 6 333 9424 692 218 2191 476 1632 
41 84 251 74 24 8 1 923 309 0 3 141 78 6166 2615 5 2142 620 46 2 163 437 54 134 2868 4 128 53 487 43 16 330 6656 131 9 3248 554 
42 8 4 0 2 40 3 1 334 861 16 34 5187 13 7031 25 2178 3624 7899 11 23 7 42 74 52 438 154 4424 247 5 2772 37 176 120 
43 0 2 1 4 5 1619 25 7770 10 12 3030 11 1382 408 8 1288 84 586 65 2501 17 23 127 77 200 16 1965 3229 120 6337 
44 0 1 3 5 2 38 12 4498 26 1622 59 3122 9 174 526 2179 62 11 490 162 22 14 47 2300 158 4 1963 90 2747 34 3870 1173 
45 2381 9 78 59 79 68 0 12 1 569 14 4 1571 2 73 11 19 10 481 3 647 283 112 87 1635 140 798 184 5 202 7 15 4864 3677 681 5150 
46 8743 11 9 1 0 3 1098 4 152 1576 1091 6 14 15 52 5 6397 6869 65 129 71 57 2 1293 389 368 285 2527 7 159 918 22 448 550 27 2837 968 1452 1502 2591 
47 1 0 7 2 7493 5 16 80 52 41 2638 6 175 4471 9 606 15 72 56 262 464 2770 2615 8 6393 48 134 37 98 36 33 198 74 59 148 120 
48 2381 4 28 13 32 1 3550 0 552 5 577 45 52 4912 2 3 35 61 31 49 8 258 10 122 17 581 79 16 310 12 1254 321 4421 56 2579 4247 3767 
49 0 3 2 5 1 71 224 33 249 700 1585 40 167 11 9 832 3675 24 98 1975 924 8 51 4 573 50 1779 20 3490 63 1721 583 1482 
50 0 29 1 7 16 4 4309 5 13 5603 24 287 1402 32 65 14 162 3 2522 6 48 4260 586 11 2 200 4557 2377 164 687 8 404 3684 968 1737 
51 138 345 487 780 185 93 0 468 180 2620 297 1 5 20 127 1383 1035 9165 6 14 225 493 1063 284 81 12 112 4470 7211 155 8 4946 121 
52 0 1 5 3 4 337 1085 333 18 261 326 59 1366 146 651 46 15 25 2027 336 7679 9 26 126 36 293 20 1153 7 8 3849 1482 708 
53 0 1 5 3 4 2 10 16 1116 18 4055 1024 3894 14 381 6 25 23 8 1301 405 13 26 51 461 61 165 27 173 193 184 155 
54 6 204 0 7 1 48 71 24 16 2580 4259 2 943 3000 9825 527 129 99 80 18 3 4 449 152 44 8473 14 5 9 22 124 395 9848 19 869 138 2153 
55 77 2033 7701 797 3 12 10 0 8 22 97 7 6 1 127 30 5 656 165 15 133 203 967 58 83 175 34 31 173 2 46 3364 554 4148 1737 
56 1 0 137 3 254 31 552 27 2 478 64 222 5 8 243 30 2506 5117 16 3929 7484 68 2001 4 279 99 98 34 168 356 805 426 120 4371 869 2264 
57 0 1 2 3 4 7 12 22 112 15 5 33 3067 37 3976 30 89 19 24 9 78 1271 430 8 151 60 10 255 36 16 91 799 55 35 1077 708 
58 0 1 2 917 5 16 1015 64 27 10 43 39 6 4547 18 876 903 9872 7 11 17 26 8 67 3 4977 34 199 69 120 708 2076 2153 
59 0 1 2 24 1655 29 5 2583 6 12 188 6882 86 3 2188 13 1098 152 43 923 4 763 7 2736 878 183 6135 733 6357 57 155 27 150 14 55 684 325 873 6138 554 1334 
60 2 0 1 3 548 5817 870 42 766 3738 2610 71 5573 4 98 7 505 28 5428 6 4374 8868 35 3986 170 9770 9495 482 38 137 789 424 1557 199 303 
61 0 2 1 3 68 4 2944 82 5 22 2384 2165 3689 11 534 6 25 1003 134 27 458 140 50 93 37 688 9 1056 681 90 8 653 8080 1495 
62 1 158 0 732 6224 147 187 16 4127 31 6937 5 60 2 191 148 98 7252 3 277 6 62 9755 14 50 54 21 117 4476 27 10 15 428 69 3971 318 37 121 1310 
63 28 68 9486 559 41 3 1 5313 110 0 1257 316 2 17 64 6428 466 14 1425 27 1188 298 1056 451 933 5 42 10 1652 3054 87 499 177 829 8 2148 859 176 138 
64 11 0 1 4 6 5 3 549 2 2600 17 10 9 12 20 111 1713 40 87 174 13 312 48 16 7 352 1638 195 930 3358 329 1290 
65 0 14 3 1 440 424 40 10 64 1191 1107 3054 2 235 8176 4 127 23 2426 68 12 11 6 6303 1922 71 16 97 9 731 176 1263 
66 2 0 4 70 9 3730 1906 43 12 3099 10 14 1 1901 54 111 48 5 3 214 7881 4723 440 118 874 4766 160 4347 1671 
67 0 1 2179 1174 67 52 4 795 2 47 579 110 51 36 92 170 5 81 10 3292 3853 5165 15 399 9 4508 133 20 7 148 8 
68 1 0 4 2 6 64 9219 122 5 242 806 226 50 3 12 1688 5445 51 114 7651 2398 1637 75 63 342 164 1495 1502 
69 0 1 2 3 1061 29 4 778 109 37 45 1972 60 65 1112 48 229 5 945 36 415 739 42 505 22 56 1759 158 9 216 6450 1266 5233 7 187 8 
70 0 1 2 1501 47 4 507 5 13 10 56 24 7 599 2063 401 154 31 9161 6381 418 21 25 112 168 35 9412 519 4455 3 449 155 138 2780 2848 
71 0 5 14 2 7 4 10 25 1 19 240 163 188 115 46 6 6924 30 26 44 3 45 15 520 155 55 1494 35 11 1465 101 31 277 1038 1028 348 355 977 
72 600 0 1 16 4 133 135 496 3 5 140 711 6 105 874 161 7328 240 9 275 34 51 24 79 1687 1912 7 31 1076 264 1387 1958 
73 0 1 19 20 8 11 225 2 5 604 816 4 12 35 3725 921 110 3666 39 573 3 703 24 46 361 17 112 9 2377 36 4911 56 80 27 44 624 5450 
74 2 719 1 74 0 136 59 4 8 7 531 56 6 190 3 204 145 7161 223 5 108 17 4204 49 104 2627 2386 8334 14 9 31 901 125 20 11 583 3097 
75 582 85 84 0 469 1283 1 4 69 6 89 32 2 168 154 54 234 3 5 1193 51 20 479 9831 608 28 18 17 15 48 5618 999 850 6165 2264 
76 1410 20 2446 1 42 113 12 0 2419 56 72 10 7749 733 1675 100 19 777 4061 37 2 4529 4588 24 3724 4345 11 21 8 5168 390 86 7 476 102 404 867 
77 0 1 29 177 7 16 132 49 1127 2 27 1215 24 2933 46 23 320 6 115 244 4594 56 10 4 17 453 9 31 1202 224 52 712 1114 404 4347 
78 4651 728 4291 5227 2 1 70 530 3 2382 174 579 32 50 19 28 141 7 14 13 26 72 201 18 49 200 227 5245 4 52 9749 16 583 1502 7055 3244 
79 1 11 101 2316 435 0 2207 6662 1759 911 3247 2725 2 33 401 14 141 3215 479 50 9230 5 6 53 580 3 162 8271 1671 
80 22 43 0 1 355 5 7123 46 20 107 18 4 8 2 21 7 68 9 41 6 129 3878 5603 8480 79 934 467 87 10 3 245 37 345 726 282 30 17 27 1572 3244 
81 240 1 13 33 0 4 3001 311 23 68 99 9512 22 61 21 6 12 141 3 35 228 1226 9 2500 7 2 123 46 254 246 16 342 138 708 3097 
82 17 1170 1 0 4 3 18 843 10 677 9 13 38 1623 3545 29 192 32 7189 23 7 2 5 1260 739 11 844 96 16 291 9837 8 679 2642 236 1384 
83 79 18 29 0 5 34 2 2035 1 4 37 6269 16 7 4225 3 7691 1895 4304 366 320 9876 60 2325 12 3662 90 1318 17 54 474 155 900 3244 3975 
84 56 67 370 3 8 3173 0 20 31 1 308 71 36 5 3532 63 16 494 2 25 9 8601 618 197 4 7 54 159 472 4701 116 5667 45 878 19 8719 1122 3097 
85 1 2 7 6038 283 0 338 885 1857 3898 32 113 64 1070 11 4 645 46 1093 6261 43 16 83 5 144 4420 1253 290 5789 6304 6729 
86 2546 299 3 74 1428 4 7 0 9 32 2 7241 1 1032 106 19 6121 23 15 47 34 28 2328 441 175 282 366 1229 18 64 111 1250 4589 27 7451 155 583 1572 
87 151 258 2 137 20 0 829 37 1 238 113 64 43 145 8 5 3 88 28 2660 25 119 227 757 1155 2010 13 301 33 34 18 7 166 27 3600 928 583 3097 2848 
88 0 2 7 12 2108 90 41 4 13 944 1809 450 467 5 9 3 2763 1 6 11 721 1047 929 84 522 61 96 297 6354 22 56 101 1263 554 
89 0 222 317 1 47 588 492 51 26 9740 77 19 42 17 378 23 476 2 54 7 3506 423 20 35 9 3 4287 1416 11 329 120 3475 968 
90 71 60 300 6670 7 0 560 5 3 48 641 4189 1041 535 29 14 445 115 20 1 61 110 4354 295 7559 11 80 26 66 232 37 108 2 6 8 9824 554 1290 
91 2367 14 1866 0 28 18 1 26 1279 426 5 111 237 2 3 31 7406 83 53 463 585 25 10 204 8151 406 40 32 151 9 8 329 145 3244 
92 504 254 93 242 966 2 2378 27 0 84 154 618 10 208 2491 1321 26 274 855 112 7860 1021 7 59 1581 183 1624 2454 549 3 44 1131 28 355 6769 869 3097 
93 23 68 597 11 0 244 5 2 8909 623 70 3706 7726 1109 45 1589 609 5747 185 1 6 1029 3632 3 28 549 9 318 7202 227 14 38 199 131 725 859 5381 2591 
94 28 1 21 29 20 18 0 8 53 68 14 7 38 2272 143 3 6481 743 39 1484 12 11 59 458 158 263 35 32 30 5 61 1296 795 6607 2486 725 
95 43 2 12 5451 1 0 4911 799 5 24 14 30 6 753 439 4247 16 197 538 57 483 3 160 40 8728 9 2216 299 339 4 262 58 3476 8912 46 5661 7585 554 3348 2848 
96 3 4 0 7 5 40 1869 12 8423 290 8 214 7320 93 14 6 2 98 371 153 1 25 9 10 68 18 3406 182 53 158 15 85 5860 552 659 69 1310 
97 29 60 31 4 66 252 20 464 24 18 2952 35 6845 1427 1307 191 75 1 1738 8 85 0 6 6624 803 3 4132 4387 168 44 727 96 17 681 1981 7 176 9584 1737 
98 1360 5 14 1423 1 4711 18 919 15 1634 26 3 16 1645 67 2712 38 4 349 25 3064 3271 307 79 33 51 0 1506 6 395 62 56 1292 921 57 72 355 1671 
99 399 106 0 726 34 5 4 3 18 3369 2 665 110 14 132 1 756 7 9 941 116 16 15 27 4625 8 5974 771 902 138 75 296 21 6 217 1004 37 104 155 725 977 867 3975 