497
0 4248 3514 5769 6818 3167 9748 9402 3935
1 7792 6045 329 2561 6262 35 8335 6543 9839 1692 6202
2 6661 4740 136 7471 4182 7055 1778 6932 6760 8403 1565 8170
3 6587 5101 2049 935 5782 1071 2468 3817 4836 9682 6453 6204 1230 2371
4 3589 7143 432 4365 3486 518 3435 5173 6572 1020 79 220 3515 7522
5 5040 7846 2125 7930 124 4032 854 3124 6571 7516 4057 4359
6 8689 6585 490 8186 6801 8490 5900 9001 37
7 1683 6582 3616 759 2539 3468 1686 6748 9372 9884 7799 7539 3484
8 4580 236 5850 2958 1542 568 8919 3097 9801 5968 3650 4431 971
9 3954 8242 169 8117 8559 2253 2395 6780 7425
10 4471 7330 6929 8340 6009 3060 1478 1992 6125 6562
11 1600 8199 2065 2532 9604 3756 8881 6803 7726 2324 1980
12 6119 7559 7757 7227 8114 3315 592 2411 6597
13 9030 4305 6521 7710 822 6852 4668 4499 9881 4516
14 4738 6085 4701 9773 2095 5622 6724 3916 2045 5521 3095
15 9953 2020 3733 7365 8611 7391 4548 691 1354 8897 8281 767
16 9202 6889 1284 7352 9238 7613 2145 6035 4044 1255 1433 9753
17 6923 9678 311 9789 9452 1744 7648 9320 6611 3870 2791 4136 6687 5849
18 4122 9796 6765 4943 2807 2034 5628 4675 4064
19 8439 2289 8380 7314 6299 2498 4081 116 3208 2027 134 8441
20 1747 4529 8153 6549 9100 9580 785 3532 9046 2626 999 2106 1130
21 2914 527 5688 6682 6187 8314 3855 3892 1295 1462 4672
22 2216 8535 3622 55 3811 639 9769 5320 3944 2591 2525
23 1266 6047 2205 6999 3352 2478 4681 8331 1875 1803 8471
24 7026 7478 1689 226 819 2570 9242 7209 1215 9373
25 7197 6617 6764 5072 8059 8183 9883 7380 924 1726
26 3332 5407 4696 348 9876 8308 2969 591 1804
27 2506 3173 7139 3325 206 7676 7198 578 8428 3839 6882
28 4999 9501 3015 8517 8722 6236 8610 5227 2898 7432 4514 2717 9447
29 2959 6207 2891 3627 5532 7682 6101 3349 6633 9835 1583
30 5889 7705 40 665 9755 8022 8372 7103 3709 4337 8265
31 4543 2131 3520 7773 4222 3788 9554 1045 2426 6252
32 8007 4566 750 4354 2527 5584 5709 261 9161 7437
33 7655 8427 7533 8273 6231 7441 438 5706
34 6806 7213 6700 5552 1810 4925 8173 2372 8531 809 6253
35 8166 4515 5798 1168 1871 7348 9775 5012 8312 5030 4429
36 6865 7991 5931 4411 3875 5635 9824 358 2601 3356 2203 359
37 9026 5548 3987 3131 2330 7042 2863 2823 9190 6546 2340 5475
38 4351 8794 4588 1856 9738 6583 8602 1234 9518 4333 7699 8356 3284
39 7560 4193 1572 5703 9317 8683 4887 1665 1844 892 268 9708 2439
40 5715 1800 8901 7623 9113 2860 7291 3251 2728 3033 7980 318
41 4266 2217 4079 5735 8270 2956 2247 8782 7195 9975 6752 793 799
42 2208 5481 2214 2900 430 4679 9758 8676 9562 1643 4205
43 5594 2213 291 5966 8416 6201 3569 4938 7817 602 7777
44 8590 245 411 1952 6124 4798 2915 7499 2936 7135 2495
45 6075 9984 7313 8393 5996 8863 8942 4593 3813 5723 4346 2325
46 4638 415 5691 9211 5652 3351 3183 4585 7354 7630 7013
47 899 4645 3120 7791 6727 6946 4015 5480 1496 3067 1651 5565 1440 3338 6418
48 3895 7939 9710 3202 3308 3081 528 5 3488 2523 5104 6596 9448
49 3357 3860 3805 1606 3074 7263 6632 2424 5814 382
50 1872 1043 9680 6190 5375 6805 5603 9715 4993 7270
51 86 1786 1958 1758 5717 3766 9352 2957 5028 3038
52 8600 9404 5120 6412 5527 6669 1891 773 9871 2923 2446 9443 2876 6741 714 8860 3903
53 1515 1144 7484 4914 3630 5502 1865 715 2768 6877 4291 7765 2276
54 2367 2777 484 537 7841 9675 105 4957 8093 9665
55 8945 8239 4177 6258 862 8911 6160
56 6100 3778 5447 4410 4873 3588 4199 4786 265 8386 5569 1613 9696 8223 6576
57 3591 6535 719 6959 6953 883 9007 6510 9254 9490 8777 7796
58 3534 7662 9516 8371 1247 296 1501 2297 8540
59 2765 7067 783 6255 1327 8841 7982 8435 8053 6490 9097 5613
60 3563 5744 5476 5972 6272 4889 3702 5507 2813 5899 7934 7012
61 3690 4855 5611 9863 8175 4216 5195 5018 5097 5009 2643 6605
62 1755 6267 4503 9857 9652 6238 9828 7298
63 4962 8638 32 569 2514 6907 5977 3455 7654 1169 1098
64 6342 4282 9082 8557 8801 7961 6209 9180 4780 1101
65 9917 9500 4664 3507 3171 7725 3266 4204 8307 6975 5971 5098 2438 3795
66 8916 9353 948 4751 4372 4016 5867 2981 1750 7357 1762
67 662 2790 2522 2984 3950 4771 6336 674 4628 1840 120 5891 7339 3845 425
68 6409 6940 1117 9848 7876 1022 8798 5374 5724 1040 117 9256 4033 9312
69 8345 3613 4867 4796 480 3059 8682 1590 8415
70 3881 9438 7257 9074 9701 270 737 4896 1303 5206 8581
71 360 6951 8039 1836 6815 1652 2908 4928 20
72 9103 2123 8479 9576 8355 3941 1735 3679 9826 4606 3545 5774 400
73 2567 9661 8493 4130 401 2296 1874 2924 8562
74 3752 286 4708 3358 4608 7702 2169 436 2160 3721
75 5290 9511 7381 9814 5591 6679 6186 4629
76 3697 159 1977 5011 9845 1502 609 2576 2600 2930 6200
77 2139 8971 4042 8608 7493 6529 8819 6914
78 162 1614 836 7528 703 7950 3360 5660 2702 4893 9347 3048 1798 9777 9683 1382
79 5314 9668 4923 9221 5183 9793 385 9550 2107 8412 3337 3256
80 7865 8040 3086 7436 5387 3457 9341 9246 1031 6613 477 9806 1685 301 5242
81 2637 2776 4494 217 5837 5144 5540 8027 4840 3662 3937
82 7005 7450 1716 3528 3027 5827 5712 1514 3694 7821
83 4345 1315 4053 4127 9875 3277 2559 3383 5138 2549 451 9470 6425 6696
84 5674 4532 4401 4489 2423 6114 203 5278 9722 1133 9123 6346 1639
85 8324 3815 6598 2176 5561 5505 2913 1300 9638 5470 8074
86 1170 3216 7231 5587 7951 4935 4915 2521 3044 7243
87 739 8492 6857 9116 9200 3058 4761 1752 7697 7302 9104
88 3271 97 1733 8086 5059 7877 2280 7320
89 2704 8934 7537 4231 5882 2286 9983 7735 1455 1657 5111 303 5758 631 2030
90 3812 7148 4626 6136 7555 6721 3419 1476 2682 428 4442 380 1080
91 8749 6635 4357 2236 7299 6002 4138 424 678 1751
92 3728 4949 3016 4011 4765 3209 6214 6224 8168 3781 7707 7281 2562 1105 4470 9852 1236 1866
93 728 7242 158 7225 6539 3682 2456 1472 3660
94 5818 2674 6168 3919 9985 3989 4547 6450 9231 8854 7633
95 8033 4988 9761 3079 3018 1879 4987 1577 2719 5639 3492
96 695 2093 8291 421 9239 7593 9658 7149 7492
97 8800 7673 8769 3126 2302 5244 6406 7394 4874 7261
98 7620 3619 5670 4947 9648 2318 697 103 9014
99 1527 7311 6176 1988 6712 5193 3791 9911 1870 7634 8205 3723 3923 6029 9869
100 1452 4391 3289 4886 4910 7469 3205 5146 3685 8015 18 1702
101 2548 4490 4393 6424 6330 6164 1908 9631 9619 2298 4311 6289
102 1637 5078 200 313 895 8098 9006 146 8134 4141 7839
103 6534 8626 3568 3744 3122 8206 6265 227 4288 9688 5783 3429 4658
104 6171 1260 9101 5816 5391 8560 2566 5155 13 9302 3303 7928 713 3967
105 3946 8659 9666 6644 7456 681 8347 5240 6161 8436 8814 5813 9271 2148
106 3441 2308 1415 4209 7880 6626 469 5884 7297 5941 9130 6578 8050
107 2181 4097 1963 5821 7160 9711 6540 7727 2309 9433 5306 6891
108 2722 5410 8575 1339 9691 8234 7100 8448 321 1204 4528 1698
109 3117 614 2896 5929 3424 4361 9931 6377 317 1369 2096 552 3913
110 323 3375 8858 5973 7117 9055 6329 7123 5799 3313 953 9241 9978
111 2362 3222 7128 1837 9096 3868 8087 9050 6590 8349 9954
112 5074 1291 4103 7393 3775 5995 6695 2417 5092 2942
113 9557 4620 3329 3361 4723 3128 2605 4875 4096
114 8988 7866 1998 7666 3442 657 2536 6795 3907
115 9017 8668 4294 5861 6879 1079 4663 3364 4511 1781 6623 4822 8118
116 1067 5305 9720 340 5707 6552 5575 511 9904 191 7038 9787
117 5177 6295 1273 664 3513 5194 2646 1773 1551 651 6683 8208
118 7034 4799 2157 6405 1703 6301 4230 8247 9850 653 9450 6615 2773
119 3577 7598 5745 8317 17 1368 9392 8521 3891
120 8226 749 897 9393 128 9528 3691 1374 5445 8029 2228
121 2650 7632 4285 3104 8322 1429 8896 3635 1367 843 9542 6146 7751 7949 1934 2209 4047 768 8036
122 9555 2239 7994 4220 1376 2997 8898 2641 3894 6856 2493
123 9752 4456 5246 2332 2311 8962 2810 1487
124 152 9776 2122 9746 726 7660 5357 122 562 1805
125 2041 6518 1991 5321 9739 9275 2244 5572 3550 6194 9674
126 8803 5734 8887 8069 6401 6226 5940 5658 6469 5828 8636 2943 1795 5472 9334
127 9819 1907 6491 4041 690 5241 3354 5792 941 3043 2660 9109 8806
128 12 5024 210 2558 7614 4555 2194 7014 969 9912
129 3006 5153 1292 8669 7133 6740 68 3378 72 3727 3014 6503 4415
130 8520 4802 6332 2140 3610 2502 2764 1466 4390 7738 1095
131 8853 5956 1289 9750 747 6288 5626 7886 5998 9598 278 5859 6296 1380
132 8120 8893 7350 7070 41 2017 3153 488 3780 8179 4092 4037 5748
133 8648 6025 5300 8861 2965 9010 2066 302 2441 2485 6621 7403
134 2977 1414 5377 6820 6018 9760 1086 4237 9877 8818
135 702 825 5412 847 8547 6230 2706 992 6138 6180 2455
136 2919 4421 4145 6896 4066 6023 1200 2400
137 5133 402 9481 8185 5469 193 3293 4969 6794 6014
138 7223 3743 2469 7168 3210 7783 5330 3359
139 6079 2670 5926 3479 4538 8685 7326 9872 1416 1064
140 8320 398 5062 9181 6594 6454 4550 3370 3085 4427 4905 8445
141 2212 5467 4992 9615 2018 9154 746 4397 1132 779 7107
142 1304 3112 1835 7077 6737 5516 2186 3240 723 6163 1944 7082
143 9618 846 677 6502 9981 1684 4652 5705 6608 1538
144 7684 289 2234 7018 3425 5292 2334 6655 2391 2014 5985 2534 1111 8991
145 9784 6452 4465 3192 300 6094 5319 6197 8112
146 1774 7310 3387 2219 6517 8906 1391 9064 502 3594 4990
147 5372 5378 2425 3344 2761 9572 2588 9802 4444
148 8505 4019 1883 5834 6278 5883 2119 1550 7130
149 9073 456 8864 3252 3039 1694 9455 7938 3677 3066 175
150 6158 2892 4073 701 5839 6103 6527 2725 6077 7362
151 1564 9918 5737 9651 1745 1025 8733 8964 5830 3876 633 7664 9935
152 2229 2906 6931 8532 5959 9333 3567 1281 7808 5515 5498 1843 5964
153 2840 5276 3698 3055 3992 6797 2129 3231 9728 93
154 9667 3426 2582 8627 3774 5523 7986 8468 5842 6894
155 3283 57 1626 1830 5514 6568 5975 8252 829
156 2880 4317 7159 6311 5041 4774 9762 6318 6909 1545
157 3603 5636 6855 2649 7423 7599 6016 1946 2267 2875 3129 632 6436 4022
158 5806 8660 7269 4324 6001 2029 1217 2920 4944 649 8510 476 4689
159 3862 1027 6639 3949 8783 1941 6937 3699 5464
160 4685 9395 5878 5672 3930 21 2278 2329 4750
161 9846 5992 9065 2388 1172 7174 7897 4210 174 1831 1348 4573 92 5359
162 8624 5543 8161 5844 1028 9585 7179 8070 7969 3707 6459 1366
163 3857 7296 5284 7062 3872 2616 141 2664 1049 6787 721
164 7914 884 1820 1048 5135 3184 5280 5466 3624 2377 5366 9164
165 3199 7226 8847 3553 1500 5455 8088 4250 8969 6853 3505 9593
166 9288 6629 1192 5522 3673 5752 7183 6333 5668 4224 6714 7604 1920
167 4370 3041 2068 7752 635 3575 4687 6020 7156 6980 4808
168 1561 4143 5574 6554 8238 7019 2656 9220 2589
169 8702 6768 5651 936 7334 863 345 80 1741 938 396 3413 871
170 8605 6569 2971 9458 4439 8370 7344 2268 3969 6248 4807
171 1986 3731 8869 2712 3595 5234 2444 7967 6402 4483 9664 4211 1971
172 3665 2348 8495 7105 6384 4683 4279 5233 9790 4648
173 7089 6988 612 6577 8596 2275 7278 3012 282 5873 6831
174 5381 3525 7211 7222 6043 5182 7547 4726 7057 1724 1183 1611
175 576 1860 5753 9034 4039 3371 2044 7659 1033 1129
176 9685 4931 8311 5491 8026 4284 6739 5121 512 194
177 1279 7820 5294 736 7600 1645 7887 1968 2837 7429 2553 9098 2412
178 8224 3623 8382 7695 4647 443 9301 1000 5037 6345 9873 8145 6651
179 6996 625 3464 7353 1371 2199 6754 3343 4172 6977 949 4443 8836
180 668 3670 7577 6492 5895 4314 7750 2440 8298 7889 2759 1243 7264 4669
181 3747 9032 1654 2104 4736 4267 7834 4940 5836 3135 3187 8051 9995
182 6557 852 6989 5595 8200 1973 3952 1206
183 2830 3882 45 3250 3926 6792 5876 5694 5730 4362 1589 4635 2960
184 976 5640 1074 4480 4787 138 2518 9669 2809 4479 5385 7475
185 3801 3508 1539 7505 6303 4036 873 8178 8047 3834 9627
186 433 5924 5811 8136 8227 4265 2322 960 1629 90 6933 2114 195
187 7797 8670 1046 7202 2726 3548 4876 3530 6089 8959
188 630 1107 8545 4789 4367 7315 9087 572 8946
190 7911 1966 8233 4597 6601 8384 3634 8038 6890 4021
191 1529 3835 6775 8268 4809 3632 47 1586 7455 3574
192 8346 5537 4814 2116 2698 6463 6616 3106 1863 9089 4844 6145 1270
193 2482 6759 2683 8031 2946 1587 8157 6331 7741 2282 416
194 7453 1938 1378 9646 8852 51 3638 8279 2342 8066
195 8707 418 6109 952 1390 4506 8753 1188 9687 9939
196 8616 7658 8464 1135 4100 7245 560 7983 1680 3312
197 7973 4071 3102 9214 1347 2537 2507 4927 8460 9192 4386 1753
198 3227 2451 6926 309 6528 9991 9841 109 3708 7002 3447 2211
199 481 9463 1162 1396 3030 3510 7589 4008 7856 437 626 3726 2603 3681 4766
200 5267 9052 1096 796 1470 3402 766 1754 7824 3398
201 1768 6774 4594 1616 2031 5219 5598 2496 5254 3176 1379 934 9842
202 6958 6666 3152 107 6461 3804 5890 7965 748 5341 1041 1929 3822
203 2619 3722 944 7603 4619 6010 6559 2687 1596 2545 7395
204 2399 4497 7006 9056 8508 8494 462 1357 2910 6031 5001
205 9670 4541 8404 5017 366 7685 9367 7713 2083
206 2817 5664 237 5682 8587 7517 2487 3851 5538 7501
207 1308 7987 7575 6363 765 9521 9186 9365 4984 9583 8872 3829
208 5364 2178 9360 2245 182 5399 8697 5732
209 6013 1849 3423 8221 3174 2448 2658 4392 2078 7126 2198 2733
210 7731 53 5913 8191 7706 129 7097 3417 8398 2877 6038
211 8886 2972 3645 1251 608 9465 2701 3601 3483 1625
212 4806 4028 8576 7192 8244 3672 4292 171
213 6210 208 5419 5739 9079 2054 8414 7029 8511 2010 9545 6053 2557
214 7108 974 181 5083 7890 7177 7427 4117 593
215 8696 9768 1122 7844 5483 6474 6058 7059 7196 9749 6457
216 2932 9222 6254 1151 4339 5976 6738 2586 8005 5261
217 8686 7641 1389 5551 2745 685 6140 6351 1275 9606 8718 6516 2953
218 4495 1301 4060 5631 5513 2120 7022 3004 1037 9892 7550 6174 6151
219 1165 9315 3439 7868 7519 9261 4319 7830 8387 4010 197 1770 586 5185 7049 5437 8728
220 9813 9236 9067 315 3689 4525 6912 3666 9400 9921 6686
221 6037 5420 2343 8385 7205 5669 4409 1145 7447 744 532 9928
222 8383 4095 3953 4744 5624 1356 8368 3478 1876 876 2345
223 3105 9866 4623 3087 7116 6487 70 154 5403 6428 6763
224 8585 2948 4583 1239 3421 7500 8779 7140
225 1622 7136 4406 9476 1530 467 4005 2004 2285 4772
226 5504 7181 5518 2692 5494 4868 3628 215 446 1814
227 6730 6602 8968 6627 4721 4253 6149 5109 7113 9216 1154 7542 1727 9903
228 8915 2941 3100 6192 2675 505 8023 3490 1156
229 9726 3169 4234 6756 331 9174 7762 4540 4918 8451 4184
230 9644 4197 2279 1015 1839 3754 8197 7761 7538
231 5456 607 9713 784 1718 408 6538 5503 3319 5295 5789 7481 7368 605 7210 9335 2784
232 5500 4249 6901 5655 6393 4901 2163 9772 8024 7325 4501 771 9559 1306
233 3007 4677 676
234 2025 8750 2841 9497 3285 6328 8419 4953 8303 113
235 1923 6897 6939 9889 757 4674 7878 8917 896 4430 3304 9439
237 1922 9349 9524 3147 149 4745 8809 4347 3465 5765 4666 5130
238 7332 205 6107 298 1943 1869 7977 4091 6659 3842 2996 8299
239 8280 1246 669 4398 8491 7253 7318 1051 1142 2370 580 9693 2737
240 8357 6874 5609 6824 1229 450 7480 5462 4743 2331 1864
241 5618 7561 3760 4169 7691 1423 1177 8892 7396 1176 8947
242 7452 1902 9818 8972 4706 6908 8930 1106 1084 8470 384
243 2621 2225 5340 34 4963 2865 144 9915 7748 91 3223
244 5274 6225 2333 3288 9273 5796 7912 789 4432 110 1618 9771 1930
245 1635 7571 5202 4436 2885 3869 6447 1437 362 5197
246 9136 3404 6924 4979 9671 9868 4823 4321 1138 7816 6223 2304
247 6846 8895 4175 5247 4373 6437 5296 3078 3407 7964
248 5336 8293 2829 6371 6011 3158 3843 4657 1208 2510 8044 6501
249 684 6788 8762 6866 6188 7879 957 5608 4698
250 2608 8542 9987 7230 3299 6374 207 6607 2074 509 1271
251 9822 7036 1218 1543 7240 8090 5693 7039 4274 2614 4705 4263 2779
252 5763 4349 3179 8550 9487 7552 6963 5902 8052 1495 8263 6785
253 1087 890 2401 9138 6389 7485 991 2243 5337 9967 475 6321
254 3827 4128 232 190 9093 4297 5322 2612 2040 1888 8167 9169 4622 3234 230
255 4714 1595 9199 8666 8868 3149 939 463 1419 1793 6777 7736 1978
256 5145 6263 9823 3997 6073 6153 7458 7025 5893 3536 6431 4493 7606 6570
257 6663 8413 8712 7979 7236 4713 6928 67 349 2189
258 1403 8982 4240 2933 367 7728 6317 4926 5049 3947 7110
259 7399 500 8078 1431 4824 9514 5690 4455 1942 6786 5939 5160 225
260 3749 5901 6637 2076 9505 4518 2826 3583
261 3716 8744 4811 2645 9920 8013 2082 6183 4991
262 5803 2681 7054 1961 5287 6376 4225 8390 76 5157 2811 3943 6850
263 8108 4243 5265 1226 4342 7665 4118 1412 7303 6664
264 71 627 5508 1388 7497 2611 6530 2709 4727
265 1640 9834 6556 8715 3761 9159 1905 8475 3579 5401 8997 6069 5880 8321
266 2351 5727 587 5216 4146 3920 7933 5421 7460 8967
267 3449 5418 186 4238 2528 9279 8831 7379 118 3519 8129 9163 8834 8176
268 8431 3221 9566 6649 9653 8826 9613 513 5132 5524 1463 3430
269 5053 2164 1066 2168 6513 4375 7779 2973 1038 1179 9838 271 6379
270 1482 5069 2568 778 4888 1771 2046 9437 9979 4894 9464 3925
271 8076 7931 1123 1316 14 7083 3125 431 7280 3141 3828 9914
272 7170 866 2032 7918 5122 3446 1547 6179 4299 2775 5229
273 1228 4586 4686 7784 4871 5186 5344 5920 3596 377 7244 7125
274 5032 9552 7420 8711 2091 3082 6599 6159 6966
275 5749 5323 254 1137 8855 2254 7529 9609 7669 8216 2361 3440 6548 9689
276 9016 2292 6493 3759 6375 381 4111 9958
277 2433 6504 4054 7622 3524 4376 5005 1815 8536 658 1983 2657
278 9785 7526 6941 4976 497 3942 9194 160 2872 5623
279 842 4261 3542 8343 1479 5376 3322 6684 5714 9700 1628 6668
280 471 2249 3422 3035 2153 7169 6068 3454 717 7384 3779
281 8214 1405 917 4165 5333 9948 9308 8989 7317 4968 1297 5217 1259
282 5556 7086 8106 7810 3450 1023 4329 5190 5365 9344
283 5443 7414 8635 4085 8764 7383 7999 6867 6126 4358
284 3784 1592 9729 4934 279 5256 4916 5958 1509 1053 447
285 3735 3301 7942 8121 5512 1517 5424 9311 287
286 5127 5071 3459 4298 5528 559 6300 3022 6653 4779 5525
287 2985 5987 6976 1210 727 4428 2075 2975
288 7111 5885 6247 9004 7495 7759 6489 2162 3656 3544 29 8351
289 916 1574 6947 6205 4862 6497 9940 108 333 1155
290 3898 6416 6464 1852 4027 9573 466 2111 8792 907 3814 8623 1231 6005
291 5392 9938 2864 15 1269 1912 3182 5471 9324 4878
292 2751 1846 5427 4 8275 8787 7387 8996 5579 2407
293 8477 4758 5036 5052 6467 9471 9094 7536 1584 218 1411 2051
294 9944 1880 6600 1701 2635 2172 2155 8423 7806 4348 1372 5272 7
295 3121 951 5068 8572 1673 1404 8791 634 8217 1150 3543 3517
296 84 792 3063 1794 5657 9119 7530 9888 5650 7207 5187 5334
297 4135 3130 2804 7703 2867 705 9640 1660 9291 5413 3512
298 4852 5773 4611 3276 2535 9401 7079 9284 3539 1833 7371 3111
299 4869 9621 8041 1634 9503 2497 5088 4909 6195 6423 3261 2992 8859 553 7786 2483
300 8288 341 7913 4447 5751 9408 322 5704 798
301 1894 7304 8586 3915 5119 3494 3687 7892 1569 6807 5606 1465
302 1691 1903 8774 1610 417 2436 6233 1780 7219 7862 1594 712 9289
303 7971 811 5269 2060 7904 4208 9460 1141 5384 3084 3409 5124 8903 2435
304 5444 9013 4154 1924 7048 61 4336 6703 8687 9141 5677 8336 1083 7760 8444
305 1700 7284 4587 2269 1209 2489 3144 299 8449 4332 4659 1799 8483
306 5510 5345 8986 1194 8082 8935 7578 8077 741 9540
307 6735 3688 2319 6152 3730 8936 6843 5167 5075 9024
308 6064 756 4880 5986 7127 6697 1772 9483 817 5123 94
309 2320 9610 4094 8920 4640 6905 6032 7739 9040 6496 861 3962 6962 6398 3146
310 4600 6135 8254 4255 3929 7241 2647 95 3846
311 5567 1677 2533 3372 7715 9407 5969 7256 6268 2699 8889 996 4162
312 4404 9961 2995 6030 4739 4602 7997 8096 3264 3602 1010 7449 660 6270 7895 7732 2862
313 5283 9704 594 9709 561 9156 6108 6115 5927 1734 2934
314 7176 4902 4123 4496 3391 3527 8548 3598 1948 2927
315 8037 8579 3642 3050 5058 1531 4246 9137 7823 6340 4476 310 223 3885
316 7238 2294 4630 9719 1489 2347 7142 3683 830 8498 4366 5589 1993 8139
317 5438 7763 2511 1395 503 1507 3070 8778 5262
318 306 4651 652 5547 9282 8149 2344 1919 2385 6541 133 4344 177 8981
319 4936 1157 6537 1014 7921 2484 3500 6090 3213 1211
320 9292 2263 5293 1885 4277 8941 6305 7122 1358 4636 9956 940 2821
321 5914 5541 7047 170 6241 6116 9314 9589 2987 4961
322 520 9115 6472 8207 3671 4958 7385 7502 5172 5369 6380 7647
323 4270 3614 8878 6282 3794 2749 4613 2146 6799 5553 9139 82
324 7408 7675 4156 2422 7627 4485 3933 8201 8515 9629
325 2961 4820 1174 716 3400 8124 5935 864 7273 8462 7215
326 6813 8316 3620 6688 4283 2538 7671 2734 7146 3025 3286 4176
327 2801 8625 5238 2058 8980 3068 7112 1340 919 5928
328 6718 4192 3990 929 7700 6499 6480 9703 8708 1796 7433 8885 5297
329 9579 5382 9306 5044 8975 8469 3268 4981 1280 6652 6671 8857
330 2572 3970 7518 2694 9206 9620 2835 5253 5087
331 810 1528 4536 5863 9235 16 4718 885 6971
332 7033 551 8484 6945 9008 98 7098 7239 2925 1797 8271 4977 229 7788
333 7307 2390 7506 7271 7743 3388 2130 8432 3428
334 4653 9051 9635 9144 5311 8063 2418 5812 9351 2760 3991
335 1166 2479 8816 7308 148 4468 126 2665 3244 2052 4693 7812 2173
336 2639 3493 1563 1935 1402 1319 73 655 6888 7279 155 2772
337 5644 5578 2117 2238 2265 7191 5255 9118 9276 5016 9088
338 7251 915 4440 3675 7609 9421 3316 8237 48 8079 5163 4202
339 2587 3310 3054 6654 25 8681 8620 8195 9634 3496 8884
340 7861 5577 8405 9495 638 2465 4581 2679 6625 4752 958 2147 9417 250 7884 4278
341 4843 4363 3977 9217 7498 8309 1598 4919 2758 1321
342 164 8378 4445 8325 2445 5747 3763 9359 7584 834 692 9556
343 6636 7043 6083 231 7172 6403 805 3803 1451 910 3384
344 1439 9274 3565 7398 5277 5762 1825 7960 841 5380
345 6868 6973 5106 8909 6051 1913 352 584 4034 4371 857
346 350 8546 4150 3714 3476 247 7639 3396 547 7805 8894 8612
347 5425 7343 3051 6185 3849 1481 5597 3195 2151
348 5665 4384 9379 249 7802 6520 7199 5010 131 8409 5439
349 596 4252 590 4477 3684 2069 3889 8523 464 7190
350 8210 8723 9966 4113 8929 2260 3162 973 1362 5134 1491 6778 5925
351 5045 1114 3448 9864 4897 4790 8017 6812 1052 9504
352 7818 6842 9623 1003 3516 6364 7091 2530 6676 1002 2716
353 6606 4181 2834 6925 9077 8305 3010 1927 7027 9901
354 111 7051 6410 5912 1807 4500 8528 130 2894 7900 955 1265 9867
356 3203 6796 6211 8654 9907 998 4967 3138 3334 2442
357 1649 8269 670 9492 1093 392 7737 2307 9908 1092 4939 8647 1523 5171 346
358 7466 4214 9582 7180 1540 5209 3305 4239 9763 8810 2357 8765
359 1019 937 3436 4781 8437 6426 7520 6439
360 1573 567 7628 3389 3406 8020 9423 3123 8125
361 2003 5583 5671 4126 2251 979 252 8918 7661 5661 8504 7155 285 8203 2818
362 5007 9477 8502 2420 8137 5116 4302 9247 5043 143 7095 6526
363 6979 2869 8755 9146 8674 5892 548 6710 7443 3909
364 6618 7745 2191 8057 8569 3267 7162 4877 4546 8839 5692
365 202 7376 2752 2685 8442 9022 6985 5196 9782 2519
366 9127 5994 7333 3394 3114 9643 4414 3824 1294 3258
367 3713 2449 2133 4948 2710 4826 1214 9538 2090 6784
368 8163 489 6468 5743 8730 2866 3186 8888 9971 6022 9734 7720 1890 3200
369 2188 6830 8603 9170 7915 4075 4775 5400 7689
370 3657 8789 2038 3878 4660 6485 9723 3797 4759 3362 1136 4945 4703 6086
371 5601 9656 2789 3641 4863 1474 3701 6641 7978 7974 9397 1790
372 9277 5557 9886 4829 1212 2592 769 2778 1394
373 9298 600 2197 7605 5411 1248 865 1532 1286 119
374 5188 2655 3189 8817 9989 3932 2781 3175 5414 2615 1042 5159 7138
375 550 9792 3692 3955 2201 7258 3808 6078 7463 2473 3443
376 1729 420 2907 1245 5264 1681 7382 8009 6061 7858 3317
377 5938 1995 2113 2993 3644 7767 8018 827
378 6290 2610 1708 1272 3380 9506 2916 3431 2629 3971 3661
379 7551 5568 1320 4801 7535 3062 3363 8381 2724 3001
380 3904 775 5770 875 1329 2339 4773 8473 7872 4568 1227 1505
381 7435 501 8353 6349 320 9586 6904 9895 2450 5082
382 525 397 4604 3296 8840 211 9820 4469 1809 8549 3948 2166 7663 2730
383 2602 3504 4702 3605 928 2134 4710 6154 4233 8500
384 9172 6702 4191 8775 8030 4778 4433 5805 5533 679 2947 1940 3057
385 2516 588 3215 9358 3262 5961 2503 9969 9028 7402 3800
386 3390 4704 4565 3993 9473 661 9382 4791
387 3718 2364 8970 1576 3820 9851 9660 3374 877 808
388 3438 1149 7144 8772 7153 83 3669 1742 5035 3917 6983
389 5358 7052 3113 2408 4617 7742 4903 1562 5402 6448 5158
390 7873 1806 640 3150 8433 7401 3893 2526 7217 2258 9858
391 2707 820 2047 5840 4717 5454 5175 1364 9361 3770 2012 9037 1332 9805 6726
392 2472 1911 1663 4526 3154 52 6475 9371 8958 5327
393 6680 5348 2406 5554 5581 8506 7718 324 9535 6228 4437 8639 7875
394 6473 4077 2272 7418 9479 5771 8716 3178 6991 9865 5921 1776 75 1075 7415 8122 6706
395 8458 1666 5154 8302 2137 4560 2644 8143 5865 3318
396 6825 5625 2143 6245 5343 1336 3612 1555 6936 1082 4851 742 2868
397 9253 6217 7248 9891 6369 172 3877 8617 9633 2480 7801 1018
398 8165 8091 7608 5820 9567 4690 3472
399 2715 8876 4065 912 1740 9322 2853 3170 2949 7899 5686
400 9173 700 7277 5485 8760 9964 4488 8290 4665 8177 8466 6918
401 5237 4420 3979 7072 2328 2883 9936 531 8401 6111 891 1984
402 921 8361 8148 5214 6297 9036 8677 4147 8032 9106 5147 1461 3047
403 9469 9650 932 5904 8071 1287 5740 2564 9612 3093 2788 2950 4364
404 9544 5681 5563 7397 8952 2382 5675 3220 4908 2617 5539 1256
405 8028 6573 629 1560 5291 4519 196 6206 5170 1397
406 3966 6919 1868 7092 9520 9377 5405 3212 8953 9816 8055 6366
407 6357 4369 682 3522 6581 7175 4185 9992 6208
408 4276 3115 6024 621 7265 4343 8152 5225 3474 782 3837 8943 6015
409 1341 5386 2394 8034 3910 5355 56 2195 7069 6622 3246 2793 284
410 2842 3611 870 9419 1787 5683 6563 5271 2488
411 8397 693 6414 7847 1602 9632 8821 5465 7351 6531 9285
412 2794 4400 242 6858 4338 2531 6544 344 6273
413 5435 1029 1187 4403 6646 5918 3024 274 5349 1445
414 9774 815 8907 4161 8693 9508 3737 9153 6481 6354
415 3467 3557 4212 3281 38 5711 7312 2402 6383 5907
416 3452 7543 1158 2190 2584 7510 1981 6269 8738 2955
417 860 5877 8813 6178 8534 7274 5826 3219 8151 8229 4168 3864 6690 9896 6177
418 6240 9694 5179 6892 4478 5442 8236 1585 801 4109
419 3420 9370 8438 5638 1601 6769 2431 8080 7562 1644 1892 4280
420 3032 5905 6007 5702 4831 8189 5095 3159 176
421 1127 1850 6847 9135 9854 1277 7004 2623 6476 9332 9386 9536 6144 5304
422 3197 7558 5549 1193 449 8593 2901 50
423 4325 1089 5210 828 6500 1760 3307 8875 8974
424 5858 886 6274 6674 9641 9980 2980 2735 1945 9432
425 8092 3945 9916 6162 5450 6310 3858 3936 6955 3181 374 1999 8558
426 6995 9384 1116 4018 7061 8653 386 3089 246 1 8155
427 2843 6055 142 6823 9126 2671 6593
428 3663 8578 571 8354 7137 9496 3320 2271 4643 2893 574 1588 1134 3052 2931
429 8075 6821 6413 3832 6337 3964 3037 2136 1324 536 419
430 6872 426 3023 4633 2672 166 1447 2 9906 2290 9474
431 1951 7289 9429 6798 9251 7015 5199 185 5997 7891
432 3090 6574 8533 3005 5014 964 4544 7292 4035 8726 2242 6441 4142
433 2609 8160 8673 251 1430 2983 8256 8174 8642 5967 8720 6920 8879 8573
434 8272 4684 9605 5394 2743 3437 802 4805 5823 8453 5243 4012
435 7457 2890 9686 5431 5710 9128 7678 8295 2360 7708 9205 4198 4554
436 3161 9405 6631 5468 6987 7336 5023 7479 4959 9894 4084 4933
437 4589 1349 6707 5632 3134 4067 2861 316 9175 7252
438 1695 7785 8430 4729 1056 3339 78 1233 7163 5536 850 7749 2652
439 9860 8525 9071 9926 6324 2797 2858 4609 7216 8866 666 5318 3848
440 3092 4996 3957 3292 5446 6440 5785 4722 1925 9878 4941 2312
441 2659 8661 7851 1867 7008 5944 2235 1710 879 5055 1175
442 23 3168 6781 6993 7906 5252 4341 188 2599 7822 373 7936
443 8454 327 8790 307 589 3098 1311 3099 4350 9462 7764
444 758 2165 5760 8289 5555 9318 8215 4256 46 4707 6519
445 905 9345 8629 5231 3237 1918 6968 9237 3498 2680 2097
446 4841 6640 8571 4318 1467 7569 3433 6906 4522 5061 5268
447 9910 6720 4650 2990 5064 4656 3703 9390 8282 7356 9999 1510
448 2447 9770 7721 3382 1537 6899 1486 187 4441 4616
449 7945 199 5558 2381 3678 3785 8856 1119 6003 2854
450 3939 5488 3321 968 2356 8835 1668 4003
451 6834 4531 7328 5329 5725 7081 6260 1483 5051 6435
452 7233 2048 8457 1630 22 5408 6478 330 4087 2825
453 4607 8745 3408 4062 3355 8904 3243 2475 9011 887 355 2338 5006 1352
454 4800 3552 5794 1697 8655 5950 4271 1223 2565 491 7885 1173 6026 1904 6063 6479
455 7419 1759 139 7184 2723 1302 9780 858 4964 7247 3617 5546
456 2305 1363 1333 2669 6142 4158 1544 9698
457 6685 7250 3470 6147 538 3745 5980 2593 8421 7472 3908 1498 704
458 5948 9449 9707 4737 7021 2118 4724 8329 3241 8923 9018 5198
459 6381 3230 2695 6507 9108 3368 7601 1499 3693 2102
460 2673 4383 7030 4395 6506 557 797 5637 9836 2248 328 7426
461 2257 3922 8710 1619 1100 3341 1118 9976 3008 5484 4038
462 3729 1783 9733 6319 7483 597 8025 4907 4323 3272
463 5529 3232 6386 8455 7909 925 2306 6113 9039 5093 5077 8891 7417
464 2256 5417 898 977 5800 8949 8976 6619 5346 6662 4792 6432 3242
465 6308 7490 6315 5013 4561 9493 3717 5288 2303 3482 2432
466 6232 5506 1026 9855 4264 2403 6137 7831 2293 6466 546 3163 7574 267 4828 8140 5544
467 8035 3914 6802 3245 6900 2246 2067 8422 4227 7104
468 4921 3377 9947 7275 30 3069 404 833 8828 9690 6249
469 5224 1789 2849 647 9662 5370 9523 1823 4013 1567 2353
470 4082 3211 3473 1827 4842 8752 5566 8285 9927
471 1186 4007 1072 8900 9092 9502 8267 5497 1842 4313 7340 1454 3045 4045
472 9122 752 7952 1494 3196 9281 378 4286 375 2937 7819
473 1959 8373 9475 1989 4269 1972 6096 2697 125 8786 123
474 314 8908 4770 4434 5156 6420 2210 1620 8341 4881
475 3783 4024 5847 1779 5204 273 3643 851 2221 1012
476 183 7772 3297 9831 4402 7338 5208 1662 4998 754 6449
477 6093 7322 127 3034 2274 987 3976 1748 9111 8957
478 2121 4061 7524 3841 8568 1160 1475 1159 3825 4725
479 6408 7867 946 5582 7782 4467 2466 5879 3165 2628 5571 4006
480 3786 7218 5775 8083 595 5602 3836 445 2684 9684 4985
481 5308 2731 7513 683 1337 4356 3582 542 3416 6715 9264 909 7390 6789 3853 9594
482 28 8300 5406 4847 4757 6859 3705 2668 7366 8246 2467 2453 5038 6110 281
483 8865 5757 3000 3897 9058 530 4412 7237
484 555 9409 7306 5169 6213 774 5388 1712 5953 8983 6446 8478
485 3911 1675 9009 7486 2457 1743 5795 6667 3988 4612 3753
486 8739 2326 8429 4049 9797 54 573 7624
487 5720 3265 7445 4382 8758 3555 4293 5108 9862 6042 3139 444
488 9933 255 3995 5354 2108 6304 6285 3311 6828
489 8717 5221 1997 9829 4450 2556 6169 8369 3562 8107 7085
490 9941 8450 3469 1153 5404 3600 6385 6455 9791 9934
491 4408 628 7677 7565 3821 4306 2700
492 2552 4982 5534 7947 9783 9624 1385 6560 2084 1524 7377 6131
493 2571 4001 7024 6595 4030 7282 5535 9418
494 3401 269 7827 9779 1914 6935 9767 7204 5114 3963
495 1381 9942 1078 6465 7935 6291 7672 8757 4505 9204
496 1473 3185 6067 2405 9210 5118 7369 5648 9066
497 2736 7007 2112 4815 6512 5463 6494 9340 5461 5027 9998 219 7489 641
498 9243 6112 7035 6511 9654 3572 7234 8377 3819 8315 6942 5887 3570
499 293 7040 2494 5933 5733 4950 2905 326 5102