100
0 1775 776 8769 1265 9794 8229 9851 8 936 3223 1457 4308 612 7954 3217 8067 1899 5123 5512 4492 6801 8375 4110 97 1150 57 573 8391 5643 814 7972 8188 8898 3536 9046 7740 7048 9884 8303 4536 258 4176 6162 2619 729 7721 4884 3336 4509 4023 9868 6357 9224 7485 3667 4413 5681 5540 2932 9925 4119 7532 9384
1 8461 7837 1683 6814 422 1203 1343 3370 9233 2513 5896 5652 1176 7098 6231 272 2895 603 8510 2734 1028 7444 4188 9353 1557 5927 7536 5121 6607 3387 5695 4521 8048 6541 3848 5311 4664 1463 8224 3976 9159 4419 6530 313 4018 1262 4231 9913 3446 3123 9893 3091 3699 352 1268 9515 6061 1725 5310 1002 8305 1482 3656 1081 5423 9041 1539 9479 4118 675 2241 6437 164 4252 4059 647 3828 7143 8351 9964 1464 6116 1955 3463 7552 9000 6256 8721 6872 2738 3977 5301 3052 6463 1545 9895 8531 3106 7016 6238 586 633
2 8462 6917 42 1895 4070 7254 7114 2083 625 6452 6868 2438 4358 8895 453 2285 2622 5295 2864 5387 9318 3173 7647 4322 515 2167 1768 1589 7738 2812 9277 218 3391 3216 6179 2074 2368 5368 44 8389 9425 3187 3745 5200 8878 6266 7594 1560 2457 3648 9549 3679 9154 8003 9289 971 360 1441 5401 6325 8719 1327 7673 6449 3130 5878 4711 1505 8051 4254 150 6138 7759 3262 8729 3607 2628 9240 7279 8791 334 1876 9429 8988 5976 2376 4255 5980 5464 2955 6999 3559 5225 7691 5637 1764 5904 4417 2899
3 5269 6992 4325 6227 2109 1149 9789 9287 2011 3927 7132 6906 7714 7748 9016 2256 3062 176 7892 8189 8580 7395 4983 7808 7886 4700 1386 6123 9167 8037 4339 3638 6515 392 1538 4728 8148 731 4391 3146 3382 2746 5647 7641 2336 8614 8185 1705 6697 4596 5662 8017 1007 4104 6782 2440 8522 1118 6394 3575 1408 4162 8783 5707 1217 4084 9573 6214 7334 2722 4615 916 1898 7685 1759 5731 2732 1986 9269 183 6468 7775 4375 9116 6575 2989 1903 6682 5388 908 6085 6421 329 2749 2333 9971 6638 5879 7974 986 8625 8040 3272 3022
4 7713 1791 6633 6469 6156 2025 6679 6761 9607 4136 4921 1036 3348 9717 4634 8673 1459 1013 3206 541 6054 9710 4953 9594 6744 2567 8957 7939 5397 8619 1624 9910 867 323 2080 9122 6847 9274 4580 4334 8497 3533 4934 5386 7425 3608 3281 1811 4510 1012 9076 8980 5530 2929 1548 3316 9814 6147 2131 2984 162 9734 683 6504 3359 2451 8074 3873 653 6279 9608 9088 245 9753 9307 949
5 1760 7211 6767 3197 311 1329 7870 5587 1311 1792 5552 3152 4020 6846 1018 6590 5136 2453 9571 9387 5793 4106 5944 5618 3349 5992 1943 7997 1146 3614 9411 7385 1823 2349 7123 2178 873 2988 844 2582 4614 6052 185 2140 9926 8951 3116 7192 3961 3933 640 4345 6822 4760 3304 3465 9110 6038 6133 9415 6618 9780 8014 5950 6686 9106 3008 3747 288 7386 5028 3566 4784 525 1554 6378 6971 778 3009 307 1351 8591 7329 2849 6738 73 3325 3338 9195 7295 7755 5898 7172 2396 2137 7868 6282 9244 7313 1346 3030 2904 8432 6973 2630
6 7070 8511 6267 5954 6079 4507 1246 6531 3341 1809 2554 8979 7819 584 9924 8361 8310 5112 3814 5718 6828 289 4812 8630 1218 9899 3549 6064 3362 5130 4352 2741 5280 5197 8153 2848 1024 5211 6165 1846 7168 451 7037 9428 404 5591 5813 1800 3795 818 743 3482 9309 6240 2405 34 7274 2463 4516 2512 7598 7746 1761 5434 1399 9792 7186 8063 4175 4696 4202 9505 4626 6796 8011 4281 2996 9688 582 2726 2602 4826 7792 3453 6018 6643 8180 5390 1990 3358 7307 7144 5019
7 5419 1926 5171 26 4333 3111 6111 5299 8948 7811 7798 2104 4777 567 8506 4943 2110 1785 4361 476 8778 7916 2645 8345 5127 6236 8583 5459 2949 4359 9259 1878 6719 8640 621 2312 1880 9552 3865 8792 2391 1700 2800 5626 2343 2060 7925 5473 9558 1622 1080 4556 7518 9720 6283 7303 9435 1569 8600 2397 9463 2265 8087 6083 7507 1204 6377 5300 7146 3495 3623 9418 737 9960 4225 3526 6602 9449 671 3899 6416 5151 5341 1918 1157 9383 2696 5359 8169 4005 7848 5452 911 1252 5624 3461 5687
8 8758 1035 7469 2321 4280 407 6946 9657 6855 3394 3529 2126 3020 4851 9666 736 6011 5023 5752 4497 802 8295 320 583 8785 9222 4857 1931 230 4587 4840 3470 7951 4257 2234 9499 6235 5617 4491 9622 8409 9529 2584 1534 3099 8707 4098 7588 1802 4869 6936 6448 6624 4988 6500 2095 9649 5249 5945 6150 6496 9192 1471 3171 1516 1525 1503 8417 1461 3458 8526 8946 8871 2082 6927 4014 123 4122 5940 5107 8800 1850 7483 7843 819 9087 2649 5179 4917 3700 4356 2685 7372 1854 1825 3097 2199 1105 2776 1126 125 4013 1719 9054
9 9424 6368 8197 4223 3682 9513 253 669 5234 878 7330 477 5582 9595 6095 1185 7576 8150 6030 416 8711 6002 6344 4366 154 2392 4816 2757 9440 3541 4081 8376 8752 6166 8283 200 2004 500 7300 4311
10 3129 6260 6077 1978 4394 9467 3945 7779 7009 8245 1498 8940 3777 9113 3242 2503 2121 5581 7411 3195 7664 3789 6358 983 6939 9140 8631 7291 9174 519 3960 3090 8108 5952 4463 2439 2203 4662 1957 3690 5367 6088 5519 4572 6113 865 1015 1623 9749 7891 6039 3936 2605 7928 5682 1135 1502 8900 8289 8077 516 43 3817 4246 7286 2298 7827 3539 646 6209 7177 2963 2856 7681 7718 9660 4264 4111 629 1291 3298 5436 7129 2537 3301 355 5426 9404 6890 1379 5035 7943 1663 7784 2653 9297 460 1642 4922 4299 9071 9937
11 6980 7538 9073 2272 1561 3859 4738 8635 9656 1644 4787 8993 4754 4508 4880 8779 5528 8172 5965 588 4155 8320 2059 7068 2773 7503 2470 8487 7011 5084 4701 5185 5374 9665 6040 7790 8438 2147 2460 5572 3988 3372 4814 7447 2378 7842 7005 5026 9375 3788 2683 9317 5248 835 3105 2755 5020 7828 6524 5021 1272 2894 9661 649 7133 4263 2867 4422 1401 4721 8263 9033 1209 364 1668 9060 2763 3399 1834 5455 6015 5168 9733 7549 563 281 2709 5583 5161 7017 2677 4879 9629 4337 7169 9017 3730 6314 4832 3424 8334
12 6840 5579 373 4332 898 7020 6435 6035 7855 2119 7572 2680 6567 5268 7361 9793 9583 5189 5851 8200 5666 4079 8913 155 576 9030 8727 8760 5845 3456 1406 7649 9916 1675 1364 4674 5804 4628 6996 6296 7720 3246 4954 6216 9838 8496 3602 143 6167 5841 4704 6091 538 3245 5912 9410 3478 9822 1600 5824 8291 9313 9978
13 3535 6224 9721 4670 1702 3852 3705 3790 2610 4603 9695 5375 8493 1858 7565 9182 1452 4273 4487 2037 9705 4618 7157 2641 8890 2045 6321 6554 3577 9162 2682 4258 9380 3234 3525 3034 3068 7889 6458 87 8453 8440 7383 2361 2561 7515 54 8714 6442 759 4085 4027 4153 4420 9520 2286 4847 2656 2458 1208 1494 8145 4077 1521 2070 5985 3443 4815 1391 8542 1020 9976 14 4089 3511 7902 3593 7173 3946 2487 7655 7702 9138 1906 459 3719 7007 7214 2821 7185 8961 2843 7986 5703 1193 8571 4453 708 8813 8016 6723 5240 5103 8353
14 7712 8042 7980 8018 8076 860 9141 3599 3102 7462 5801 1198 8870 3979 6899 559 2033 1415 6786 8434 7437 7399 5957 6399 6446 7728 8574 5334 6964 8387 9215 7480 8195 4224 9436 8190 102 4604 31 56 5593 5989 5180 3627 813 1088 4534 3631 6715 2723 6281 3207 4656 3527 1748 6705 7619 4242 6343 8478 4217 4340 6005 3920 7587 2015 6851 3808 3000 5176 9837 6319 9323 9059 5402 8801 1362 3878 1993
15 4166 9965 3003 9724 5040 3165 7013 6440 1030 2329 8713 2629 2673 551 4240 5418 5441 8889 9242 580 9545 8331 6952 7659 572 3083 3257 4962 6249 3292 6922 8080 6229 5415 981 887 6551 8357 8759 4472 2627 9644 7614 456 2541 9588 2952 284 6585 6037 5184 8818 4564 3624
16 634 2342 1547 1747 6703 4530 5596 2654 7228 8193 1951 4057 7679 6959 1068 5254 4854 295 1756 1134 5520 6709 5753 9638 6652 8637 2768 3891 7260 5790 7036 262 7829 6762 7263 1023 2318 100 4774 1613 2035 5381 628 267 4855 7698 3085 4951 8352 2713 8123 481 9023 996 7317 794 3159 2296 8393 5653 3450 9977 7879 2096 4673 6482 3798 1976 3365 3995 709 5749 6550 7894 8494 4558 9853 6654 6026 6837 4168 225 2370 4870 7761 8146 5302 1046 9788 712 4354 2698 1959 9820
17 8232 5483 5926 8078 5155 1295 7420 3031 1519 1690 4174 144 1541 6982 7231 8551 6433 1501 2409 1527 2263 6140 5880 1098 6080 1392 9444 5006 8665 8179 544 5059 5949 6342 2155 4827 5384 4249 6711 6543 8976 6364 8323 9610 8073 7320 7259 1881 6376 2200 1111 9682 8653 6008 3694 6135 6962 8446 3012 8205 2284 86 4977 6576 8001 897 2244 5558 9103 4064 668 9979 7470 9382 6117 4083 4143 2314 2600 72 9475 5955 2202 9995 2365 6044 3074 9973 9170 5163 5102 170 8564 7432 6333 6885 5755 7353 3548 2294 7122 8829 5079 568 2454 4690 6265 1339 3900 6481 2993 6477 2462 1493 6375 1654 1171
18 6327 5619 3969 1061 3023 8302 4566 5799 1952 757 7607 3151 9120 7417 1163 6694 6802 9200 6317 1542 8472 8691 2158 4423 907 8787 7893 8869 7107 6432 602 2028 6545 8945 2420 1387 4919 9500 324 8658 5396 9875 8825 235 8912 6958 2571 2016 4482 7475 627 5634 3380 735 7290 469 7493 5780 8873 3687 9168 8402 2210 2144 9547 2531 9725 4698 2290 6245 6430 7506 1599 3327 2549 2483 9634 3514 1631 879 1593 9039 1138 5610 9075 5761 4928 2400 4502 7142 7429 1586 3760 9438 7448 9064 5284 2743 7977 9185 7687 6566 4293
19 9812 8365 9957 9878 8161 7887 1710 7990 8798 9109 7709 248 8447 5260 5905 9470 293 3258 5030 1173 3665 335 9163 4929 6666 6640 3872 3375 5205 4853 3654 5513 7250 3871 1106 2323 4295 2081 5080 8287
20 760 4159 6808 9856 5597 4900 8155 8284 1143 2779 4563 2476 1974 8931 7620 1239 4251 4607 4640 2807 4344 5754 863 7938 3735 1349 9504 4348 4128 7856 3691 2511 4743 6014 4804 2659 6721 3544 2499 1590
21 3002 6599 5085 4147 8834 6084 9328 4911 5435 10 2394 3693 7419 9461 4972 2523 4144 5669 3189 9452 5317 2 1301 7953 4592 8910 5839 1713 8997 8896 566 8476 7297 2421 4831 7919 2604 1942 3004 700 5890 3448 2125 3755 9773 6831 2930 5831 338 7612 9992 2579 9117 8774 7140 9403 2443 7401 1469 2697 7350 7103 2901 2278 409 3093 1011 8008 65 445 6389 9135 4852 8852 226
22 9381 7467 5665 474 7871 9294 9718 5212 7657 6583 2146 2067 730 3672 4035 9370 6816 9179 928 3063 4365 3486 1694 1664 2047 1564 3594 5645 5709 7516 6382 7703 5881 1582 7216 7585 6208 4468 2072 687 6690 7034 7446 9676 4226 555 18 9021 2785 833 3434 6065 8575 6612 8282 6765 8919 5783 5529 5017 4504 533 8960 5503 1514 2335 6662 7149 2027 9097 158 3161 9565 88 9299 7190 1941 6475 6081 3786 2587 6075 3849 9455 167 5675 2419 1001 1963 6034 7983 9175 1966 8680 163 1289 6460 9232 3092 3919
23 350 829 252 838 7767 6405 7660 238 8119 1398 8509 135 6736 4321 977 9847 137 6745 7926 433 6750 574 9184 999 1438 8359 7985 4373 4069 2217 9581 8915 6369 3668 6328 1421 8962 8528 5244 3280 5872 8887 3866 2690 4130 7241 2159 5758 9548 962 5854 7346 4269 8947 6752 7776 9288 7486 9216 9803 9249 190 9322 7797 426 5247 7234 396 1100 7164 7981 6905 5181 2646 7630 1094 2669 4811 2790 4655 1491 8599 8271 8806 8448 2221 3276 2291 212 2043 8332 4392 7094 4515 5990 5447
24 4616 4940 7134 3323 1249 6538 3660 2759 9981 2495 1612 7267 378 5943 1123 1348 7410 2756 7571 8503 5063 2350 1794 7595 8698 3224 5657 6151 6372 5361 4665 2970 8104 9829 9040 5332 6716 7838 7022 4584 3488 2804 4015 1409 6562 7707 9086 3590 9537 9279 5406 3894 9802 8144 7461 9827 7040 3793 8833 784 5351 4550 837 9133 7257 4090 1284 7971 4734 3993 8268 779 5554 319 7674 7170 6664 5095 3501 6953 9572 8041 2701 3775 3259 2161 5756 6542 7599 3240 7832 1369 2515 70 617
25 9112 4730 6592 905 4810 1605 7933 8258 992 9067 6657 9632 8027 8431 7403 6704 1522 3041 8380 2399 7197 4581 8473 8740 5410 1370 556 5525 9848 1051 205
26 6288 4046 9727 1658 6503 3255 8538 5849 1579 4895 5110 9153 8455 1887 8415 5977 9304 7578 2921 4164 4944 2094 2865 1016 4896 980 4768 4238 5649 6426 8270 726 5333 688 6812 2699 6574 5491 7015 2693 5769 424 8840 3044 4606 5325 5250 7533 1231 4864 845 6586 9077 7001 6348 4780 9640 4569 699 2208 2410 7063 3484 2108 9208 3934 233 9250 2538 6178 2820 5658 4347 3581 2917 6639 4594 2228 3532 5702 852 5971 1798 2389 1510 8477 1927 968 6418 5651 7281 1635 5760 695
27 740 1509 4765 2253 8684 7482 8659 6907 2262 9855 8269 3890 2475 315 1826 2544 8857 9909 7700 2560 1380 6397 5973 7931 2479 553 886 3562 2014 9471 4179
28 4945 5327 9823 8103 3935 3975 1611 8992 4093 4631 9246 1189 8350 7553 3395 2316 8009 6272 3856 5735 4834 1915 1820 3766 4369 3965 6522 520 6264 340 7371 6849 9442 944 589 7918 4091 6232 8815 7438 3128 6501 8030 9756 7637 9101 5119 3500 6060 1455 9164 8312 9423 9754 6588 5444 7302 9186 5515 8499 9363 2477 5170 8577 2992 7244 4894 1801 8983
29 4393 3651 4872 5543 5288 5255 4901 6427 4271 2123 2347 1261 3721 2174 1614 5833 4424 526 8795 9942 4755 4198 1397 5838 751 8723 6650 4899 3153 3251 1808 5725 7459 496 7801 2948 2029 7182 5903 9408 6101 6984 387
30 1853 1404 488 127 3996 998 728 6144 3354 6777 2982 7952 826 5175 2337 2789 3235 3517 1727 6900 2213 9220 9502 2481 1048 9151 8089 1166 9532 6093 2951 3080 7322 5915 8215 4819 419 5714 8521 597 9606 9590 7666 4648 2415 1810 6755 6763 4165 8694 5115 362 6825 9352 2980 9453 9226 4843 3077 2218 4010 4627 2965 3708 9690 9498 5673 769 485 2469 1472 7474 7512 504 9854 2751 3309 8090 9557 7174 3952 7269 9536 9885 5636 506 8830 1609 6461 5555 1285 5857 3283 274 2639
31 4619 4268 596 2309 8611 8381 3949 9533 2197 9180 9685 7454 333 2926 3378 3438 9752
32 662 3658 8139 1132 8065 9755 5711 8765 7058 4650 6598 8882 6591 6493 6104 5606 2148 6298 719 3867 4906 5266 4793 6670 8920 8793 9928 6489 2079 6407 8746 3806 2478 1439 9844 310 5245 8405 8726 1870 7092 1381 943 6242 3879 3497 1722 681 1922 2467 529 6277 3444 623 7352 2858 1665 8720 5289 1462 2959 5062 3520 5913 2066 3406 9176
33 5326 2573 6251 8039 8650 9664 3901 7592 4747 4560 8404 406 883 5354 9686 1318 4341 266 9326 3333 8349 7014 3214 9859 885 8618 8560 5494 1827 3971 2841 5453 7028 823 2114 9693 8279 9119 851 8975 6693 1495 3827 5961 9843 2242 1577 6498 5091 4495 8936 997 1352 2461 7601 4279 6284 4788 7789 2842 3297 1873 4447 8425 9953 3347 1967 9826 178 9206 8207 5235 5148 9815 1465 7765 5039 8754 6923 3075 3706 3843 816 4304 122 2603 9448 8861 972 2524 1344 4467 4610 5376 5018 8337 9367 6189
34 6675 4436 8676 3072 6246 718 9 2528 3853 133 9876 5413 5972 6791 7991 4301 465 4926 7877 9401 922 6928 1833 2170 4532 2078 6866 9605 7736 9450 8782 1350 2566 6661 2293 7634 358 5763 9038 7458 1638 2918 8670 6241 8006 2633 4737 7853 7237 6274 4452 6076 8046 9028 5385 4993 3386 5476 2911 9291 90 6157 1411 2853 219 7381 8250 4975 8554 1378 2501 9296 4577 9111 8530 3733 8225 2691 1787 9943 6049 4689 1977 5722 7111 5195 4071 3203 78 1316 5869 3958 8572 6404 5398 8242 7864 4411 904 1382 5874 2473 3058 3876 6486 6717 958 4022 7069
35 9248 1227 1053 4105 126 7947 1304 4287 6294 9491 2564 8956 8010 6934 7207 858 1099 7758 7733 9369 4184 275 7752 448 4042 5589 658 2971 8044 5676 8562 2736 4462 3019 8907 7105 5782 4565 5622 955 9863 1432 174 825 6031 1235 3049 4331 9421 1353 5134 652 1177 5297 3133 910 8272 1033 7409 7631 7377 3026 4016 3884 8612 9560 7531 5210 2839 1770 3381 211 2024 3507 9457 798 594 7062 1410 2172 3780 7629 3678 5829 5741 5194 2658 6000 9486 1583 6384 2648 7065 5909 110 2557 4306 8905 1864 8845 4741 7391 5778
36 6648 8436 6170 1550 4887 859 3726 8903 8252 8130 5305 9272 5766 5532 2308 1946 7255 5480 6969 6773 2001 9655 3832 7052 1296 6857 2505 7628 9485 5668 6391 3604 4681 1911 4338 2871 9741 7208 3534 7623 1851 2563 3247 8568 5574 5000 9728 4001 1320 7995 4654 5509 1429 2802 2168 8423 7727 4938 4049 3579 1310 7233 2596 2003 7941 704 2764 6895 6020 6062 2192 2254 5077 5306 2459 9396 380 9600 7859 7921 5485 3554 7519 4137 9171 5686 508 104 8655 6871 8408 4389 436 1142 6124 6402 2994 8316 6632 2725 840 7463 6439 2679 9832 1712 5969 1292 4586 3120 4476 5296 593 9824 9996 587
37 1187 4511 9952 2913 3997 8131 9766 7072 9562 9193 6688 6043 147 4518 7261 7490 1983 8064 2938 1367 2283 6919 1079 499 6290 5826 4247 5646 4875 9105 1783 7633 836 9772 1912 6010 5505 7650 5356 7100 1738 1065 84 6743 2431 5553 9355 1776 4893 5670 5640 4328 5086 2485 1929 6651 9238 8786 4714 1117 2406 4404 3215 4379 5600 3264 7084 2593 4930 9008 2797 691 575 3831 7944 5196 5710 9125 7206 3384 2201 8922 6320 9630 5451 7268 3761
38 3471 4990 8616 2181 4599 752 5188 2407 3401 839 2718 6875 7424 710 4227 8662 8748 3025 1508 5796 2744 8406 3029 9048 7965 9591 6285 6445 1255 6089 8203 4125 4192 3924 405 1412 2944 9980 8860 4324 5767 5747 7452 4298 105 7773 9356 630 9303 5557 8866 8156 7008 8257 7235 2351 207 1341 4535 1632 9095 1025 741 9080 3543 8111 1528 9104 2491 9093 1636 7763 2556 9740 2671 7488 5329 1805 3213 8033 9458 890 9934 2160 6186 7495 7368 4676 9576 3442 6914 9958 4968 6495 8911 3923
39 927 4667 3266 4074 4355 6339 522 6154 4889 356 5809 4357 6146 6112 9243 316 857 5492 5870 6854 3617 3071 2631 9045 2177 7561 9920 3869 2813 4131 1213 7167 8358 3421 9514 1097 2678 6799 1288 1423 4761 1043 1645 6605 5812 739 8317 7360 7081 9750 5770 2500 1468 1307 2831 3477 4770 7863 4072 3314 2434
40 2516 9081 8175 3640 8780 9987 234 228 7646 8382 2191 5964 8379 7045 6356 4684 706 4935 5391 4965 1141 6667 1431 7035 2940 3504 6422 8657 9338 6329 2163 1114 1852 5069 5719 4038 3968 5953 8849 6836 8921 5202 7373 8602 2152 47 6497 7116 7115 2956 4316 9677 2355 5206 1523 5072 9107 9169 6502 8809 5914 2623 7548 2302 5537 3670 5338 4448 6180 1504 5239 6163 9209 1075 1581 1735 9696 3070 8508 1281 8098 4866 8632 5746 8187 8097 650 1754 4551 8539 3547 9091 674 8730 1950 5541 2216 6628 83
41 8324 6597 1219 7883 8595 8823 2740 9096 9378 3573 9923 9357 4364 4172 9492 6016 4678 3662 8052 5203 3991 2974 7494 1282 7530 4548 2196 6943 4984 8955 9777 9580 1818 4882 993 3059 9062 7108 9083 1670 9349 1767 7324 3201 50
42 7119 4011 28 657 9189 8347 1077 717 421 2255 357 4839 6519 8049 8136 9613 374 4562 3715 6398 220 3753 6909 2727 7489 4100 552 7756 648 388 6103 8777 8894 4048 4330 5144 4663 2012 1417 830 8843 4446 1601 1130 4456 7388 5888 3356 5328 9845 564 4842 7365 2836 8112 7285 8069 6997 5837 2157 2237 3570 9564 4813 6647 2390 4683 1949 9961 6068 677 6948 9888 5988 7110 8937 3731 3278 9397 181 9166 9904 8411 2310 9708 8609 1872 1731 1361 2886 6913 768 7903 6910 4007 5416 3905 7086 547 5932 8452 5694 5765 2382 2877 8029 7222 6051 8872 6674 8384 6255 7384 4288
43 4460 618 2433 3351 1999 5009 8598 917 5584 6484 8654 5723 1205 8416 2205 1806 661 9947 1475 3460 1151 4881 6532 5096 1321 9761 1031 7579 793 4707 6989 8170 1774 3178 2878 3763 5560 1437 5644 7822 9333 8209 7861 611 9620 1095 7597 8741 9597 9437 3139 306 3366 8378 2455 4135 9768 8035 2411 4278 792 2638 705 6153 9286 4617 639 2912 8652 6115 775 9703 1506 3835 6219 2810 7500 8429 5885 689 9084 3851 2770 1708 3858 1206 3992 6058 2710 2005 1896 2226 6527 663 6125 4632 2425 7897 2211 4066 5633 4385 2492 1717
44 2338 9306 9407 7226 1270 3018 7277 9057 3249 4605 4593 8273 8627 9570 4848 5576 3897 5183 41 3435 9857 696 6087 8965 6110 512 1730 401 4232 64
45 6671 8346 2307 7690 626 8547 8841 8395 9975 9509 9936 1303 5836 821 8677 208 3076 1676 5946 2404 6479 6470 5654 8053 5061 7301 2978 1718 2888 4612 3321 7101 4274 5893 654 6289 2518 8433 9082 206 4236 4416 7566 3956 5058 1224 9908 9439 4749 2644 3910 1953 7283 4180 8766 2611 3522 9636 2175 5468 4513 6772 8828 247 5527 6770 203 8191 891 3951 8004 964 5178 4544 8755 7397 8266 5794 4980 4589 6692 9948 5590 9852 9177 2325 2597 1116 9402 5941 4115 6850
46 608 6225 187 4486 4708 9312 7434 4215 4349 3739 3376 6525 8088 2232 8253 1059 1816 8368 6119 8534 9311 7198 318 6466 9805 1286 5118 571 1576 2818 1891 4800 1701 7584 3552 2139 9615 8456 5318
47 1886 5501 4641 8319 4583 4479 1091 8515 5363 5323 5242 6105 785 231 8068 7336 8768 8369 7127 9051 5307 5101 6269 6813 6409 5603 1928 4400 9124 1067 5868 4229 8807
48 5479 605 1477 5220 6826 8370 5876 9218 9702 5844 3811 1087 7379 3413 4773 6228 6593 2164 5692 5732 8563 2019 7741 3291 3410 4691 8371 1994 4960 7787 1139 7145 3880 7096 2073 1400 9241 2846 6361 1965 2049 5420 5070 6215 3734 742 3601 2731 1124 6078 250 6373 6874 7121 3820 4065 9736 2519 6950 3778 6710 98 7435 4483 4186 1869 7622 1769 8877 1174 165 8990 4500 7636 1960 6955
49 748 7347 3417 3036 6845 1956 96 7509 4292 7774 9521 4835 874 3117 210 9123 7804 5446 9474 353 1000 5131 1656 2026 1414 3479 6451 864 560 1363 59 1629 9704 8549 6006 2507 8731 6036 1905 381 8367 6951 434 3148 7975 9525 3127 4731 4092 6751 1921 7644 4567 8485 7739 33 9810 3056 4876 7209 6886 787 2747 4149 9399 4408 4549 9362 6299 9497 5562 2916 6187 5828 7345 2437 9484 7158 4688 2686 8286 8683 1972 2266 6518 3666 9779 9148 9556 8183 1962 3911 5186 5625 4250 514 6047 3592 173 3402 1604 3912 2616 9196
50 4319 9392 7427 1682 4362 1156 6778 4112 8656 2250 2510 4021 9671 2532 5106 69 2416 4686 6286 679 5057 9361 116 9949 8383 5712 9108 1685 4836 9896 1857 3066 3186 2280 9065
51 2356 9931 5570 4672 8486 7545 4657 3744 2048 5611 7312 3881 6099 55 8745 5313 3228 6457 5565 2981 773 3179 195 3749 2969 7967 8844 8972 3838 1515 4742 3144 1454 7240 1526 2084 2950 7099 9115 5217 1247 4450 9567 8567 2156 6731 3157 2778 975 3250 4573 6926 2184 9149 5563 5538 3567 5160 9797 7004 2947 2247 8773 2372 9732 6086 6217 8524 8338 3170 680 9368 1433 5496 3783 7836 2464
52 7000 6434 959 713 5414 770 1040 615 4152 6423 2300 9487 6653 884 6867 1992 4579 3451 5042 9611 4905 6830 1403 7781 2707 5336 8537 9713 1221 4718 7550 7229 6884 6824 7663 5392 4383 5425 5258 9227 9911 6584 2941 482 5798 8565 2733 3134 7704 375 8038 1207 1749 16 2287 1566 5566 5087 8606 6975 3751 9659 4209 4499 3184 6784 8504 5690 3938 5696 7523 7476 6713 8075 2607 1796 2093 9130 7554 6636 4789 914 8163 3218 5825 3611 549 4790 4490 6126 8668 3586 7762 7555 8181 8168 6902 7683 9506 7750 3168 5996 9031 8151
53 5291 7027 820 5632 8426 7431 7810 5456 9877 4386 4907 3813 581 7422 7298 2009 1487 7090 383 9619 5037 4867 25 1830 9118 7782 8888 8838 6728 1434 1537 6685 6275 8597 3688 6069 3974 3685 9985 5883 614 4719 8056 9641 2038 7423 1648 969 6022 4856 3754 4031 8902 789 7076 2534 6118 9929 4000 6724 5124 326 6659 6379 4786 8196 2474 4030 595 7418 9245 8796 8847 6915 6536 5639 8293 2668
54 3081 3626 2783 9053 8315 8178 7280 157 3481 3126 4505 6392 5308 6072 880 6128 3964 5342 371 4525 585 8699 894 6930 227 1375 8115 8607 6769
55 5877 6960 7826 3909 1486 3016 2562 139 4602 805 1014 1745 7025 9055 9210 2444 7551 1416 5917 3428 711 8062 2979 727 3954 438 2767 7021 7050 5041 3516 3300 5377 6371 82 2240 3578 5968 2657 876 5141 9221 2116 9787 3339 9191 8776 6803 6888 6843 5083 8457 108 2432 1212 2225 7930 8500 7813 9861 3110 2274 9441
56 1322 6954 5846 4522 1757 6487 6673 7124 4054 2441 767 2306 932 3095 9831 3810 6485 8226 6818 4439 1388 2036 8909 3489 9145 4409 5816 1405 5187 4398 1597 4256 7455 9624 7950 254 3914 4799 8274 2934 994 280 5399 3955 4675 4475 3318 642 301 9523 974 5481 2259 2730 3 1517 346 6571 1847 3921 3440 2737 6258 2884 1535 3714 5036 7914 4710 3315 442 4096 1640 5241 8736 3285 3895 5539 8152 4736 926 1909 6856 5567 1979 6858 5607 3875 8527 2983 391 6517 1158 1553 5463 7436 7215 7288
57 7654 2881 578 4910 9730 6815 1197 4260 4068 5594 8311 4382 7079 7332 5429 8617 8679 2288 7900 9006 5047 7513 8288 9134 85 7609 2179 979 6102 3609 4178 6655 591 976 3887 2040 4764 5507 6537 2536 7962 631 7732 4061 7959 5469 6785 9061 4987 1771 2023 1709 5997 9511 6995 6346
58 8897 940 3415 3588 4464 9202 5933 4735 3392 2092 1220 1451 3388 5595 8390 2031 9991 9544 9890 4211 7289 9765 4142 9204 5691 6273 5743 3556 9155 4687 2299 8775 3244 345 6313 6491 6565 4043 4733 9516 2068 3677 1890 5860 5031 7075 4457 6924 3519 1063 3712 1027 9268 1584 369 2422 4421 6635 3192 3791 4803 2643
59 7535 7071 3953 9546 6252 8924 4428 5272 8495 7088 131 2826 3716 9945 6963 8573 2784 4156 3194 7610 9541 7987 8441 2769 6701 6797 7557 2207 6712 6757 3429 5549 6234 6732 2880 9142 5143 4821 3015 4801 5546 1839 2427 746 359 637 1888 3741 4402 5005 1413 1448 336 9395 3021 2782 9617 1236 1511 2176 299 6332 5910 3837 1565 9598 1042 7246 4841 8555 4230 824 7359 6412 4997 3833 3619 9078 3750 9068 956 3973 216
60 9190 1497 4695 6199 5044 8952 6218 303 1305 4636 6553 7771 3037 8388 8410 4003 518 2358 7847 414 6456 9631 1456 7920 5535 5542 5263 6308 6100 4785 1681 7041 431 1340 1602 5448 6627 5011 3483 4923 3140 1356 7823 1721 7593 4792 2436 1371 6994 3632 3531 7252 774 9225 1865 6514 3762 309 2348 3563
61 3939 8520 3364 4998 2609 7165 4213 2617 8968 9314 2933 995 9342 1021 4113 4916 8987 4432 6587 7247 1449 9782 4133 9414 115 1892 4210 931 9420 1574 6347 1639 8374 6998 4823 5930 9763 9751 8435 6908 9864 9056 2279 7060 6580 4933 1617 9146 8261 7224 8466 4661 291 2872 1072 9637 8963 8450 9816 9263 8060 9762 5800 2774 2828 9956 9114 8682 223 1687 3809 5335 5093 3986 3014 4196 4469 5490 7204
62 6691 9745 7089 7030 2676 9527 12 455 9321 6903 5729 1489 8582 1795 8070 6811 7106 4668 2772 7766 9270 4314 5475 8220 412 8836 4368 1894 3273 4529 221 9974 7580 2635 3729 2806 5404 2448 6096 2553 8157 810 5081 3469 5157 1153 579 9873 1733 3841 8045 6173 3978 8276 6708 1359 6169 2206 9781 5974 6476 6441 6159 3078 2055 5380 9018 458 3436 5409 8732 2022 1453 437 8615 7109 68 7272 4455 8967 8550 332 2655 9586 1191 5275 3574 7159 7795 2264 1057 6351 7577 7686 8244 9473 5548 8639 156 3972 7405 2719 3490 8556 4259
63 6512 9836 924 7589 8501 5002 2412 1269 2331 721 9626 8333 8991 5421 1849 5215 3263 2297 3821 1689 2061 5936 1743 8015 8584 4908 1186 3629 6581 3736 7818 8488 3061 5343 410 8660 2805 415 1652 8218 7760 7093 297
64 7104 3998 4009 7744 5362 6393 3427 8192 3302 9158 9930 7896 2013 7511 6276 454 7213 5364
65 4145 7791 2132 782 3598 6986 5099 2574 4216 2661 4285 4270 8811 1366 5174 542 1004 5150 5355 8110 2402 3205 3293 7671 2893 7502 800 9320 7814 2793 6033 5958 3896 3308 6937 7138 52 6734 5345 4189 294 4517 6263 8671 1821 9364 2874 1365 4539 9968 745 8281 3655 6555 5350 440 1883 4124 4323 1145 3509 8066 6876 4649 9258 1238 2787 2133 8712 4766 3496 3163 6443 6471 4767 3150 408 347 239 1641 6677 6017 8164 325 2452 3317 9089 8468 4025 7356 2681 7591 872 8763 7426 9922 6160 7723
66 7266 9319 4032 8863 5586 5427 3185 3540 3289 9187 322 5733 452 1559 3200 5843 1832 4722 8413 1551 9265 5330 3112 7012 9430 6063 8737 7408 3674 7265 9771 5055 4028 4488 7796 3113 5159 9327 2030 2961 2360 5430 8624 240 8906 1112 3595 487 5772 6509 382 8802 5116 249 3239 5551 3620 5012 1698 3915 7539 6424 4849 7465 7151 2018 9137 4203 4806 9769 4187 4037 6323 2417 4134 4012 5383 8738 5791 7282 4363 5214 2937 6758 6195 160 6789 601 3779 1573 351 3987 6793 1182 8977 6863 5089 4438 7717 2295 7682 7147 8223
67 5967 4912 4955 3492 5807 5257 5832 9935 376 2589 171 8837 3182 1679 9343 2430 148 8459 5137 517 1845 5522 622
68 7638 5661 3898 3605 6261 1814 6007 6098 8642 4961 8385 5987 8517 1492 2870 9507 7596 3472 8589 1817 2090 4387 9846 4390 1693 118 8529
69 6048 3847 2670 287 4150 7477 7701 8491 3757 5117 2946 1109 5713 5222 5193 5642 9373 2999 9650 5902 1813 4553 9295 5437 4214 7112 9385 1256 6720 2714 3498 1274 5508 9691 7794 4591 7645 1159 7562 2742 8135 7203 215 1342 7998 5411 7225 1877 8722 1923 77 9540 7287 3582 5075 9494 7414 7343 9354 9070 9998 2815 2823 2857 2957 2832
70 6302 2526 5320 2620 8702 1552 2545 2106 4107 3180 7160 6668 6929 232 470 2275 2915 8437 5167 754 1010 4779 6809 4660 6578 4204 1003 9275 3689 4871 6861 6832 3253 8953 9643 4620 750 8083 1697 2219 747 2838 772 4925 6625 8608
71 2317 5440 9325 1200 7276 265 2363 5726 8002 6742 6987 1323 4808 9229 7841 7910 3930 1276 811 9663 5742 5433 5340 257 3612 8973 817 9052 1989 4034 4542 5065 4948 5942 9962 2122 4888 3922 1558 1038 2684 4519 3649 540 1312 4970 9406 7390 7600 2258 7872 8876 2551 2149 7033 7544 2450
72 3219 8109 7710 3455 9623 9742 428 9121 2077 3963 6978 1863 7772 9512 6334 2665 1127 9850 1034 3109 7693 7927 8414 8767 4623 7669 244 3051 762 2640 841
73 7085 7946 7719 4329 9276 7505 1868 7376 5067 6614 3343 4039 106 5454 8687 479 7824 8751 8827 2777 4033 1788 7908 8761 2063 71 9090 2243 3742 468 9334 6019 6901 8810 6646 5937 1473 4199 237 6681 8925 3344 855 2735 8695 797 7830 6873 7948 9538 4253 9719 6425 2927 9451 3913 3096 6556 7154 1655 5699 2496 8553 5348 3681 3121 2330 7777 1958 312 9298 1988 7573 3696 9211 3107 9173 1390 9744 8985 8545 4201 8278 321 8771 2724 2771 271 8581 3369 6181 7113 5728 1419 2185 7608 4158 5303 5840 1587
74 6883 7176 6271 4713 7153 3545 9700 1544 5489 8883 4973 3823 606 5534 5545 5819 1781 1324 5230 4611 9365 5995 6171 8596 4309 724 384 6880 2514 8204 822 5774 4171 5443 8724 9917 6050 1458 4644 3155 6821 3840 1393 6897 3647 427 1947 2377 8422 4860 48 7613 7466 1293 1436 4485 2010 330 2542 1937 7956 2267 6200 9986 7695 4441 6695 8222 8601 3408 8518 3086 3119 1056 1216 2715 9235 6623 8265 8386 4739 509 8031 8734 4723 8199 4720 1333 1314 513 2182 842
75 4286 6152 2588 8364 9283 2276 7256 3695 6300 8475 8593 5830 1592 5344 9604 7018 3017 7835 9212 8943 4883 4651 3883 2136 7305 6330 7711 7248 9284 8859 5631 2424 6596 2827 5366 7492 862 3210 5309 5862 8502 4995 241 9264 4353 385 7569 5236 6965 1444 2591 8159 6663 2145 2612 2071 4574 9681 6029 8626 9865 6972 2986 5199
76 9625 3698 1022 3804 2423 5122 4903 3042 690 1325 5810 6893 3673 7817 7394 667 6024 2889 3046 9340 8294 9348 6569 9389 7046 8094 4685 7402 1336 2446 3166 7331 4395 2142 3232 8290 8717 3723 9647 2313 2502 2046 638 5251 8210 3462 9419 2401 5986 457 3569 9496 9778 7188 3231 4837 8812 4041 40 3013 2426 8674 636 395 4818 4300 4371 8490 2862 2220 7479 9393 209 8132 546 1696 1985 1939 2803 1082 5073 8638
77 6003 827 1536 6032 6887 9683 2943 2303 5984 6278 1822 5216 8966 991 607 4561 6360 8933 7940 1765 1347 2089 6563 9100 6557 6746 1121 9999 854 925 7024 3373 1828 9563 8256 3305 3368 954 9003 314 4307 9256 8057 921 1199 935 9231 4029 4310 3868 8262 6374 7304
78 8238 3499 5400 5514 9881 7294 1935 8588 8875 7310 5873 9178 4891 6250 8013 285 9464 6145 9398 1711 5781 2482 801 4937 7884 9627 604 8396 1964 9543 6788 5349 1335 9989 2814 5533
79 1476 9489 9528 3028 8439 8629 2548 1562 1078 8917 4630 2153 7642 511 4824 7815 5738 2903 6683 8879 8648 4809 1258 3006 3094 7747 8728 2204 7857 5273 8470 1188 2101 3728 8710 2097 7625 8126 3405 3634 3089 8592 5970 6548 305 6889 2830 5219 4979 1338 3916 2322 5092 444 5139 8789 6127 9871 930 3357 3060 1049 8079 2817
80 490 429 6053 4305 9804 8162 557 1233 3069 283 1083 9972 2233 7059 4897 9783 5983 3769 1092 3307 9662 6864 9010 7845 119 124 3441 1483 3639 9821 781 2892 2924 1360 5298 9601 7960 377 9813 9667 4645 4060 3794 5744 8981 1147 7754 8339 2270 6882 7406 6819 1608 1540 1165 7917 9376 5253 7189 4528 7846 9612 1588 7677 3709 4291 6401 3430 3045 9577 4978 535 9036 6735 5511 590 7442 8403 8850 9197 191 5046 4726 3584 8576 592 659 3524 1394
81 2647 4981 6827 1875 6381 4643 1914 7499 5499 5678 6787 6340 1980 9079 5966 9912 5477 9427 2488 6090 7706 5629 2634 1222 9806 3198 4161 6747 99 5627 389 8023 7840 6878 8251 8341 3211 7603 749 6810 3970
82 3143 9029 3994 188 3039 3295 3284 1591 5497 9969 1518 8641 4868 3131 1661 4523 3299 6082 2166 4380 2910 906 2367 9905 6621 2896 534 537 7692 5192 9582 1919 6979 331 2664 5609 6521 599 5895 5848 8306 1981 5382 6221 8121 7929 6137 9366 7993 8934 3367 282 1241 1499 2632 3270 4918 2953 5577 503 8932 7936 2057 3999 703 9260 9147 1302 6947 4609 2151
83 4108 3053 7054 5982 2704 2745 2087 8000 1266 6122 5132 354 3397 1103 2508 3374 5365 3007 3718 3596 9422 9729 9796 4129 3834 498 9160 7716 1782 4555 9331 6911 1017 1572 2866 5293 4913 5734 7428 5149 8805 1714
84 8803 5891 1330 8277 4932 9372 7441 5053 2198 6413 1050 1678 5125 7618 1856 6970 1280 7834 3984 1210 3642 5277 5190 8007 6852 2384 5154 7367 7155 892 6233 9669 8701 7150 3322 4055 432 9102 5517 62 9219 9946 192 9706 5894 4425 9914 5016 5120 4772 7923 6021 9967 6684 6990 7540 8772 1686 2332 6844 153 8725 8100 951 328 5705 91 246 7120 8839 2706 9834 8552 6609 1244 1728 4758 7163 5337 5403 9841 5715 3164 2480 9152 565 2319 5750 3947 9037 7583 2154 6912 5923 7032 370 7181 8881 7715 5724
85 7661 9970 8762 8474 1086 5671 1450 6981 6472 5145 7901 5920 1385 6309 2754 6013 2113 3452 1669 8308 418 7780 4625 5024 2465 6718 4862 9310 1842 5369 2231 8941 7560 673 2931 3854 8708 4245 5292 4388 5580 3328 5393 2852 2186 3433 670 1420 3363 8613 714 900 4693 9305 3385
86 7514 4967 9887 2729 8482 7869 9412 4454 5613 7542 7604 3990 4099 6074 302 9183
87 5698 9602 8700 8561 1334 942 8483 9027 343 6544 7935 5223 2375 9901 7453 939 5071 3555 3907 6891 6730 9609 8233 4173 3243 707 4228 2490 2373 2418 9009 2590 6198 3981 9743 224 7852 2636 8784 2065 8116 1480 3703 6262 2224 3799 3426 1275 6207 2117 7311 2273 600 5460 7118 5621 1882 2964 8340 8535 7351 7575 3967 9791 723 6896 3048 7481 1804 184 2246 4148 4646 8643 6253 3098 8240 9648 4939 6833 6202
88 3158 2344 1425 5314 1616 4578 6490 9668 5730 236 2875 5685 8107 9456 6478 9746 6349 5684 8231 5721 101 2898 2752 3917 9697 635 3515 9879 6892 970 2173 4769 6383 6001 2891 399 3962 3132 2909 656 9776 3267
89 7340 7249 8122 8058 3702 4290 3124 8363 756 3172 4964 2141 7074 2187 8021 1615 5850 5598 2520 2667 1354 1703 6109 3663 2575 7653 5128 2809 3038 1740 1819 8543 2720 4830 8336 8141 4169 5105 8594 7605 966 7734 6206 2935 3926 5177 5821 6028 1627 9530 7019 8916 2053 7201 9587 6244 1074 6764 5717 4429 8749 6985 3724 6455 8137 38 8799 296 1780 6220 5757 5667 497 918 4212 764 4163 6739 5981 7194 7769 5556 2289 8298 4659 3087 5156 9653 5198 6023 5049 1332 8158 8604 3439 2471 6009 527 1543
90 8590 8285 7520 8445 3202 8733 5173 4541 9518 7221 1855 1755 8443 4846 1662 2968 7722 4697 6967 1201 6121 213 1298 8160 7697 4805 7038 3558 6355 6533 7026 2855 9675 4350 4601 6184 5727 6613 5571 3212 1090 3585 5859 3425 5321 6417 5612 7881 545 9714 1549 1427 3885 9282 2408 6615 4051 7152 4267 2583 8022 1626
91 5285 4653 3412 9344 3812 4406 483 3407 8578 3669 9371 3114 9074 4024 692 5811 1596 5623 3882 4297 6549 6190 4294 9358 6603 6073 990 9869 3149 4639 8690 6203 5764 2795 3966 912 8661 4775 685 4116 7358 5422 46 3104 5805 390 6539 1426 4183 2449 2794 9308 3423 3065 3326 7243 5290 8407 1904 1672 472 2598 5432 5213 1481 6297 3513 919 4546 4123 9043 1155 5578 9959 5271 2642 1657 8028 3836 4985 9417 7689 8465 2245 882 4478 1052 7880 7421 2466 9840 5462 4376 5498 9903 9072 1119 8198 8899 6352 7342 5474
92 5458 902 9997 693 7885 9757 8540 4524 9584 1902 9670 7219 9443 3800 7339 2115 7238 7443 9466 6280 6568 1242 1254 15 7023 9645 8685 2540 9918 9830 4782 4757 3874 8885 4405 365 5346 9955 3564 3550 7335 4652 3528 8428 9524 9481 554 4036 6148 7705 4699 4276 7616 3767 933 6860 5853 4461 292 2134 1680 5921 4554 9748 7905 9205 9651 722 8664 1975 6045 6056 5524 1443 3331 6942 2822 2209 3937 1396 988 3622 9063 1867 9880 2180 3190 6669 3560 8129 8651 3230 4412 4097 6604
93 5614 134 3137 9247 2897 1513 7496 1786 2995 7066 2599 4480 6494 1763 2906 4570 7970 9699 4313 8942 6940 6473 7803 4372 9680 298 6185 1837 4151 4272 5078 7866 9939 3944 7873 4886 4053 7751 960 89 7053 9058 7451
94 2429 1418 7497 5408 888 5471 9207 7472 9963 5748 795 7264 3797 4296 6492 790 3437 4377 4235 8507 6842 6877 2750 7430 6114 4931 1169 4992 3830 8480 6130 6617 4512 6204 3701 1259 4540 1245 2189 8971 8546 4194 3337 3980 4576 9015 3303 9019 5282 9413 67 5100 5209 5502 6388 7820 5140 6733 875 1779 5784 1108
95 2364 2357 2435 804 8681 6579 4088 5066 8926 716 8093 7315 1183 3335
96 5270 5153 8929 1144 4221 8267 7440 2546 7210 985 5762 2086 3193 8620 2559 672 3464 7002 2320 6610 6410 2987 4927 273 1170 9181 5648 4397 7932 3692 6881 8026 2781 7582 3565 2484 2816 5536 8570 3686 5573 6933 7639 856 1829 8430 5043 461 6324 7537 1917 4208 7770 8705 4220 8149 8091 4320 3122 8585 9022 6259 9994 4920 2624 2688 5697 1699 777 7749 7624 8892 3792 6865 6188 799 7262 6526 6869 3290 946 1110 1253 5074 9508 3208 5999 8492 7667 8808 5038 2907 6894
97 2705 7126 8621 4898 7478 3636 1223
98 80 619 4622 2324 7809 1129 524 5592 9482 1195 8709 4401 6414 6134 2498 8757 136 4994 3752 1214 3510 849 2472 1263 3226 2346 3610 1069 2525 199 987 4343 1603 3005 5050 3084 7319 2020 5564 278 1647 651 8982 9689 222 6921 947 7904 9687 9758 263 478 8855 140 2660 6046 8544 7802 6727 201 4624 3459 141 3652 6149 1267 8853 17 6201 269 6419 1778 3454 1970 5467 5243 1005 7102 1328 8706 7364 5252 403 3475 4177 4904 3353 467 6505 5866 2214 8165 2908 4241 2000 8874 6139 624 9807 3643 3199 7851 6380
99 5616 1866 3055 3571 4262 1202 9099 6510 7899 2251 2900 4892 1279 1704 6741 9849 3334 7915 9900 9988 2215 2352 6528 5708 1568 5056 8140 6444 9462 6753 5294 1009 5736 342 5001