100
0 0 1 2 6 3 11 8 18 25 21 8461 1110 1776 4329 452 97 14 7266 408 19 1017 103 425 24 8871 31 2594 9 322 92 177 2482 110 3160 138
1 1 25 0 22 2 7 4 3 18 5 6779 4048 6052 97 91 6890 949 2498 6045 2218 8629 251 240 176 23 406 9 2334 8620 24 1581 136 1089 404
2 0 1 2 3 5 4 6 19 1167 358 265 576 1283 7 21 262 53 43 378 8 178 277 37 7463 85 153 1953 9 1039 17 9742 27 14 155
3 2 3 0 1 59 24 4 16 18 11 2942 222 101 41 20 447 1456 105 906 217 635 6 170 147 1407 768 63 138
4 0 2 7 5 2706 3689 1 519 129 3 25 511 1950 12 36 4 2098 248 30 3056 503 7687 76 13 6 26 72 676 941 1582 27 120
5 0 1 933 14 2 168 7497 3881 117 31 5197 97 41 4 3 9 21 27 5 8 2478 5863 45 984 599 4552 29 23 1195 25 13 20 7 24 37 212 3266 160 1137 708
6 1 0 2 11 7 3 4 5 864 24 719 736 1141 1922 62 455 8 8989 1016 1121 9414 27 166 1327 9 876 1102 12 29 2193 6 684 1426 61 37 69 1958 1502
7 2 0 1 3 11 24 4 173 89 22 822 6731 5 168 6 584 230 458 8 7 933 3814 10 158 66 41 133 2045 60 238 843 28 253 316
8 278 1 25 9903 0 464 58 1403 22 430 178 37 5519 2 323 5361 4 46 364 41 831 3 5515 1572 5 700 7269 123 3198 14 13 637 19 268 8 12 2960 65 3774 1290
9 0 2 99 11 7 219 1 2652 53 88 5641 41 951 10 4 101 3 2973 51 9 2079 162 5 70 232 122 359 2850 3053 52 20 1368 6234 290 609 120 554
10 2 0 386 4 26 9375 9 256 9890 39 23 16 111 1 8 5 86 12 47 14 20 32 36 1963 163 6 43 143 1158 61 176 120 138 1737
11 0 1 2 4 8 94 12 1079 5 41 44 4386 7 20 934 116 715 2062 287 49 6 65 2496 17 5797 6912 2295 9 3 1412 138
12 2 117 3 29 6042 11 45 28 300 154 9 0 2757 116 5762 1 82 333 7 26 218 6188 93 3131 12 95 6 3338 113 22 24 5 66 56 58 716 121 5276
13 0 2 1 6 11 129 35 5834 1677 22 1859 3 46 1967 757 127 24 2191 952 106 885 602 4 1105 422 25 18 6943 152 27 69 176 3700 138
14 0 1 7 1807 5 45 46 4 10 742 6 131 34 3 14 11 2 91 9 475 294 185 1001 1587 666 860 4596 5845 2604 22 168 120 112 366 253 18 5850 2955
15 0 1 8 4 2 6 3 15 83 9 5 23 323 183 169 75 11 1591 6243 48 796 2235 280 5778 156 5477 34 92 294 4182 17 4023 3389 3244
16 1 0 4 6 2 398 16 15 50 66 151 10 1576 275 1296 17 9295 11 3 36 3500 7 2522 148 1979 6450 1100 87 1026 246 145 8875 176
17 0 1 2 3 4 5 34 96 10 13 6 11 12 2202 633 247 83 178 150 20 1396 112 30 66 3735 510 46 1621 8 16 299 1951 6049
18 9 2 6 1 0 4 169 546 21 7 13 632 7593 242 3813 3 35 26 204 362 25 750 24 3499 6787 3059 7557 5 720 1481 31 2688 15 979 6475 879 3831
19 2 0 23 1 5 142 6 2911 3 835 97 14 75 104 8 131 127 4 65 82 402 7 28 15 98 332 10 2453 76 52 982 1132 2193 436 940 114 9768 243 126 859 9559
20 1 14 0 2 87 62 4 1373 5672 3 118 6 1058 27 454 43 75 490 284 90 1169 29 20 227 15 587 59 331 379 21 1117 8 176
21 0 1 2 3 5 6 1371 11 103 35 412 452 248 68 2825 8616 2920 1260 125 32 97 19 566 21 39 3324 4 2988 23 28 65 1152 107 8 1388 7242
22 73 96 0 2 203 49 23 859 24 4 1024 6599 17 4430 40 6 69 346 533 442 11 3 37 6035 9053 1563 7 529 462 389 244 4526 205 47 14 157 19 468 138 1310 583 5926
23 0 1 2 3 5 3794 4 46 34 435 42 378 3900 13 19 6 10 23 665 53 161 426 3274 21 1959 67 1438 7818 209 139 138
24 0 5 3 2 1 7 31 20 2812 390 8702 363 145 3433 4 14 1012 1697 39 10 542 35 37 3124 8 4063 6307 13 188 5566 1591 328 147 12 6 22 19 138
25 6 109 2546 8 10 4 342 2 9677 0 12 1 74 409 1293 3 13 5 463 249 807 26 226 17 36 1490 21 90 14 57 24 9 7 27 65 1482 2264
26 0 1 2 6 561 5 409 447 151 3 665 21 4 34 9 24 18 7 9061 2158 891 5361 67 5063 99 1481 513 455 41 179 307 5005 229 138
27 0 3 1 2 6 1311 9 10 11 35 4 21 59 626 180 52 6359 65 5812 50 411 76 74 34 7702 33 29 23 7 246 501 1495 1954
28 0 1 3 4 1865 2 402 37 17 9 83 309 5 67 645 161 7 40 8 418 1332 15 18 396 1663 217 44 6571 73 349 7431 659 22 992 121 5526 2153
29 0 1 2 5 4 6 437 17 182 42 158 167 34 51 8 331 723 50 3548 1461 3 36 424 485 948 760 10 268 780 9 57 968
30 0 2 4 1 6 3 25 130 2838 7 12 478 19 28 124 5 81 13 64 134 24 14 22 38 1210 1826 1401 58 31 429 162 1518 197 27 37 65 176 2955
31 0 2 29 6 3 4 172 39 5021 200 5359 5170 8 27 15 4683 1 53 28 131 216 1989 119 6440 4604 6705 117 88 652 126 597 7 199 138 554
32 0 4 6 5 3 1 104 47 11 2 4227 9 7 3596 49 18 2938 22 25 4040 3053 12 6614 1710 8949 346 251 34 88 372 1334
33 1 7 0 5 87 4 20 1011 7387 186 45 12 11 6 2521 539 602 3 90 16 2250 1621 25 36 106 46 5294 3790 8168 22 178 201 8 9896 316 6656 3097
34 0 12 2 3 1 17 66 4 128 5038 4133 36 9 710 452 587 15 7 936 88 224 329 68 175 3759 14 33 35 1126 4973 371 716 1446 39 2291 8 1089 27 4895 2076 4977 138
35 1 4 8 0 11 10 2 25 2239 483 1074 1909 5221 6012 344 7 3 4164 137 55 471 44 529 23 28 52 836 316 186 5 14 763 27 4613
36 1 0 2 561 4051 92 5 6137 36 6 21 85 4 337 169 12 11 39 714 7 1806 24 19 105 406 49 40 225 158 120 5526 2591
37 0 1 2 4 6 3 1233 465 363 69 4659 57 21 41 6130 939 100 1590 5222 395 7 380 14 295 26 49 54 15 20 210 348 968
38 0 4 3 1 2 21 141 50 399 73 94 30 8444 364 71 24 165 8948 715 1424 6 60 61 13 718 590 8 355 9 549 155
39 1251 322 94 3 2 701 189 56 99 0 13 49 6 1 9 219 256 5 2128 33 141 792 796 4 1150 118 7 74 6082 4768 138 1671 5921
40 0 1 284 202 7574 1846 109 28 4790 582 12 37 3 1740 8 2 526 17 24 105 7 68 956 15 4 2720 150 1958 869
41 5038 0 1 12 2 20 71 64 52 1516 5737 156 4 50 11 722 3 6538 25 2344 7 26 13 218 1991 2735 77 9652 9519 554 7347 2153
42 0 3 131 73 1 27 94 2 8 2400 8931 164 25 800 4 26 44 6 15 82 809 33 10 5492 603 1516 546 86 36 102 18 132 669 2033 9886
43 0 1 2 3 5 8743 17 15 249 68 8 59 625 187 7 132 382 1435 3488 19 580 224 9 3528 1723 23 57 21 26 6783 1866 50 3532 11 16 197 243 5442 27 4247
44 0 4 42 2 77 26 2951 3 6 6044 20 498 5 56 71 1 170 15 90 2568 1073 649 1545 891 58 2575 30
45 4253 5 1 5226 425 0 2 99 25 1148 29 156 21 4 12 35 5052 6 15 105 51 4824 225 26 42 13 1456 74 830 8 900 1572 5921
46 9 83 0 1502 15 118 9902 4704 8 6 19 2 1340 412 70 4 142 3 123 419 505 14 1245 1704 5 169 788 101 476 1805 50 63 544 8160 428 733 355 968 138
47 2 0 3 5 32 1 10 3955 188 20 4 225 826 521 1476 345 92 433 26 96 19 4060 14 1532 4722 2587 9134 6907 15 7 126 3975
48 3684 33 9 5728 4 2863 0 366 55 25 1 2 218 3 13 28 10 27 660 6 5 3692 3100 124 135 96 74 4821 79 807 3249 425 8 7 176 138
49 0 4 2 1 94 7718 641 3 235 502 8 3236 9 24 48 11 1752 111 839 142 6 7970 259 271 5 2477 60 476 407 63 884 3520 3097
50 0 2 1372 412 6755 5 1 395 62 6 15 4 18 51 514 3 866 25 16 7 1134 168 66 344 817 6158 6642 594 54 106 1048 83 3097
51 1 0 9234 28 33 4 8783 9 2 213 6 23 4705 597 788 4606 288 966 78 14 13 22 2410 63 200 7 508 21 45 1728 17 159 24 725 334 1989 2420 27 2818 9365
52 0 2 5 1 8 8056 4947 6 7 5681 14 5524 3761 16 38 2327 1561 13 29 5625 37 143 269 3 21 2625 7979 32 9 1361 309 28 4869 138 1954
53 1 0 6 3 4 5 2 134 12 4474 3768 35 37 978 1902 38 5479 7981 4752 31 437 493 266 7 109 2619 76 19 909 138 2060
54 1506 47 0 2 50 7070 7 24 1 5 4 137 250 12 280 2426 23 3 7606 516 918 27 9 109 935 132 57 7399 655 2961 88 90 9162 218 20 37 1495
55 5 0 6 4 460 25 8 1 14 132 1137 1373 117 2 163 3 53 24 1184 1107 11 115 16 108 19 7 3425 8345 29 10 543 37 303 3244 6887
56 1 0 11 2 4 848 807 2746 13 170 179 118 1741 8114 50 799 6348 144 30 730 3796 3973 55 3644 34 7 1927 280 21 193 3110 2264
57 0 1 6 2 3 5 19 14 1956 375 4 9357 9566 588 7 153 383 6438 35 315 233 17 2195 18 38 1694 360 53 815 37 8 9517 1263
58 0 1 24 8843 59 1866 17 1996 4 2 2986 5270 105 101 4685 148 99 7274 70 39 10 1954 703 65 77 519 27 8076 155 6604 138 583
59 0 2 5 769 75 1011 1 111 203 31 125 725 8601 6408 93 35 3843 6238 225 2187 1429 64 39 1728 22 11 16 1264 1566 216 902 2060 554
60 0 9 23 2 85 1148 5 1017 1304 2160 156 4 14 474 108 1 1401 64 9957 130 29 3 6689 1128 1213 11 35 656 51 2380 6379 65 120 176 138 708
61 47 1 2 0 4 601 1345 60 10 3 19 286 71 6 17 1460 136 160 1552 70 33 225 83 205 57 3617 8703 2148 9305 1737
62 10 332 5014 164 0 112 117 14 5 72 77 7 56 2 2091 1610 3 11 1 43 202 214 23 1503 1051 17 6 4 9 25 135 42 256 29 4089 2076 7624 1310
63 45 2363 24 147 148 22 12 0 33 280 5410 1206 59 42 95 1183 1 7820 5127 2690 57 2 14 5190 16 34 19 10 56 2921 7 78 9 8 1495 138 1263 3097
64 1 0 6 4 9 3 5 8 13 86 53 32 9798 712 676 2 373 6992 791 81 356 63 52 35 5055 12 163 89 17 49 206 1005 9562
65 42 1108 432 3 36 19 5 414 46 8 5412 7 15 4584 0 11 14 1489 39 121 9338 206 422 9021 4 45 43 478 44 2805 6 9 1 343 21 280 329 2889 69 708
66 0 1282 133 5 4180 4673 300 3 2 4 12 103 97 4019 70 662 236 8 9 32 1 42 774 51 5472 7 252 55 669 158 36 795 1948 53 28
67 63 1854 119 5973 10 32 8 3 0 51 68 46 209 4872 186 2 19 4 34 1743 172 240 2503 1927 2769 86 14 472 5915 323 18 2383 7325 1225 166 138
68 6 1 0 2 4 5 57 13 16 12 3 18 21 2135 365 226 724 8 2052 8512 19 234 23 753 435 156 625 517 2190 15 11 3502 1078 112 187 184 859 554 1310
69 2 38 6 3 83 1696 388 1 8 1279 88 358 4 69 0 63 109 9 90 26 17 486 66 4964 8180 28 113 58 276 57 3249 936 7 566 1482
70 6 1 131 3 2 0 6661 17 25 18 57 34 95 46 13 5724 315 6607 279 593 1483 253 54 56 619 158 2683 26 42 16 1595 1706 15 671 69 126 1917 859 3244
71 0 39 2 1 4129 289 84 523 2219 75 20 31 4 391 37 5 1099 143 29 11 3 25 2212 14 16 58 475 180 41 13 448 7 197 9 176 1334 3097 1671
72 6 0 11 21 114 19 22 4 12 3038 1 3 100 115 13 34 1434 355 62 17 1861 18 171 5 6979 7 2333 2 161 47 112 5893 189 245 369 25 4478 1324 9
73 9 0 13 16 3 2 111 1 65 6 5 42 50 2878 34 25 15 5034 235 110 11 1614 1232 115 54 209 2184 9175 9073 4938 252
74 582 9 0 33 13 1 1257 151 2624 6643 48 446 3 6 990 7192 5 962 2406 77 54 3972 21 2862 10 2 8 82 203 7685 1001 27 1954 2848
75 356 0 11 662 14 4 64 8150 775 495 3 2266 107 1841 1 2 16 779 5 23 1072 32 981 20 55 1843 68 344 28 157 1623 1119 88 121 770 250 236 62 919 583
76 43 0 2 39 61 845 288 29 1 3 10 113 3228 4 27 455 81 6 1378 5 22 6571 519 78 103 128 2177 245 1250 2715 9 383 869
77 4 4138 5350 2 3 21 207 33 161 1130 10 12 1593 651 2657 75 173 197 134 18 0 499 7 11 24 1 2517 76 28 168 273 19 9 1888 69 554
78 32 2 1 23 8 4 0 391 11 5 454 26 7 13 108 94 19 112 9 2431 18 2282 14 6514 186 5893 759 20 3 4278 1913 6001 2051 310 44 69 3756
79 762 6 141 4 38 1593 1 2 74 1499 0 88 5 11 19 4848 28 303 118 123 10 646 6031 42 25 29 16 33 227 23 73 427 1883 3 119 6137 5429 1315 1671
80 41 2 36 0 40 1 2012 112 299 5 7 11 1217 3 181 21 10 150 25 6 641 51 71 4908 9628 17 4859 380 3224 319 1159
81 17 1190 4 71 143 46 35 0 231 9 2 3 89 6 12 34 65 93 129 1361 38 179 1216 137 128 37 119 5 233 168 1671
82 2385 1 21 2 22 987 1606 7 12 32 258 264 2145 20 4 3 1937 612 29 0 337 45 10 79 310 565 229 121 216 59 3940 142 8365 37 621
83 7 89 31 11 1414 6 1857 0 1 456 4046 2883 82 175 25 10 2458 12 2 7170 5 279 32 21 6382 349 268 38 15 16 155 69 138 859 3975 3244
84 67 3140 9 8733 10 2 40 68 330 186 66 322 1119 244 39 14 433 42 11 62 4 118 194 0 81 3301 19 12 7437 245 5990 8 2264 1737
85 18 293 1687 286 2 3626 123 1756 174 95 6 9 676 157 10 1 0 17 9086 4781 178 5638 3 56 1041 938 4372 628 187 13 338 1052 7 224 356 6729 138
86 31 1 0 8 9 26 2 7 27 6697 5 4 91 270 20 14 3699 3000 19 21 389 75 602 6 301 349 1601 17 4025 3 334 7155 498 1757 1209 8488 37 184 708 7055
87 1363 4 0 6169 53 33 26 1390 836 111 778 2 12 6 4152 2950 1368 2628 34 1107 2360 505 8 3 5 186 117 25 559 709 2848
88 0 6 1 5 2 4 3 117 1071 7 21 100 6160 10 4479 6025 8 3915 2209 12 597 1808 76 278 1828 672 655 71 7777 141 229 19 155 554 1263
89 12 4 0 500 2051 33 23 129 8 140 101 2221 9 5 3 266 2 16 98 137 9547 65 183 238 41 1 167 115 21 130 1235 193 138
90 62 8973 272 3 19 2 247 5154 6 2178 46 4 210 419 1 1039 3711 3223 5 1283 297 15 214 23 11 115 0 6259 1959 188 28 7 309 1290 3244
91 4 71 17 0 253 1 3208 22 145 2 5 2424 338 4370 2665 100 15 25 3003 16 164 55 5275 47 443 44 177 42 48 13 1804 8 1119 9 4148 2591
92 281 1 4211 585 40 42 17 0 278 6 1054 2 31 34 7 193 5999 68 509 3 4630 180 4 462 44 107 282 45 21 8 299 138
93 26 148 1 4 50 3 0 1290 1156 15 328 587 39 2 5027 289 33 469 8 13 9 1042 2979 27 107 1127 258 3730 5 11 1816 406 4807 4335 5526 138
94 16 4 13 1 7 2882 12 5 0 3 1966 861 7995 27 15 18 3458 2 2610 272 11 10 722 68 2631 1150 44 29 102 49 55 47 301 84 148 121 554 69 155
95 22 52 16 0 412 54 10 7 2 138 18 103 405 23 9 4 1313 13 3476 316 3679 168 39 1 284 21 26 3430 2025 5442 2114 3252 1863 14 5 1790 725 2848 554
96 8 225 609 229 3 99 2684 5 2065 0 47 2 384 67 1161 27 239 12 1 19 41 56 1389 6249 233 492 350 5020 11 4680 46 653 2818 138 1502
97 670 28 1436 24 2 31 0 47 34 3 510 18 7884 26 236 9798 431 12 1583 2844 222 352 9 230 21 14 56 50 6 7433 23 99 2282 72 138
98 0 3 1 14 205 8 439 1487 48 452 651 663 106 46 262 12 21 1759 13 8088 2 5 11 16 42 112 9711 84 40 3016 6 9
99 55 5 3618 7 1966 89 25 4104 8 116 5850 1 0 50 51 1530 1378 264 406 175 550 2498 354 63 3 39 1320 1027 238 5299 12 2132 27 15 9 28